type,name,time_units,begin_time,frequency,count,units
signal,"Noraxon MyoMotion-Segments-Forearm RT-Pitch","s",0.0000,200,6172,"deg"

time,value
0.0000,7.579178505
0.0050,7.558838569
0.0100,7.538442276
0.0150,7.517989668
0.0200,7.495080494
0.0250,7.469687673
0.0300,7.441814512
0.0350,7.411494241
0.0400,7.378788346
0.0450,7.343784416
0.0500,7.306594673
0.0550,7.267354556
0.0600,7.226220618
0.0650,7.18336907
0.0700,7.138995805
0.0750,7.093316543
0.0800,7.046565419
0.0850,6.998991602
0.0900,6.950854899
0.0950,6.902421692
0.1000,6.853960745
0.1050,6.805737567
0.1100,6.758008276
0.1150,6.711015124
0.1200,6.664984268
0.1250,6.620124923
0.1300,6.5766287
0.1350,6.534667807
0.1400,6.494391088
0.1450,6.455917436
0.1500,6.41932654
0.1550,6.324284658
0.1600,6.230299841
0.1650,6.137463604
0.1700,6.045727181
0.1750,5.955030654
0.1800,5.865487955
0.1850,5.777231826
0.1900,5.690127424
0.1950,5.604225629
0.2000,5.519377104
0.2050,5.435709576
0.2100,5.353163362
0.2150,5.271607492
0.2200,5.190975976
0.2250,5.111558545
0.2300,5.033425648
0.2350,4.956706091
0.2400,4.881322997
0.2450,4.807383439
0.2500,4.734934484
0.2550,4.664054299
0.2600,4.594766399
0.2650,4.526900208
0.2700,4.46037227
0.2750,4.39512603
0.2800,4.331131439
0.2850,4.268567333
0.2900,4.207330033
0.2950,4.147566894
0.3000,4.08926042
0.3050,4.032512712
0.3100,3.977608135
0.3150,3.924430848
0.3200,3.873053453
0.3250,3.823506176
0.3300,3.775870102
0.3350,3.729768576
0.3400,3.685270463
0.3450,3.642583661
0.3500,3.601115533
0.3550,3.560984402
0.3600,3.522089256
0.3650,3.484451521
0.3700,3.448109333
0.3750,3.412840894
0.3800,3.378429736
0.3850,3.344806498
0.3900,3.311862946
0.3950,3.279405968
0.4000,3.247175121
0.4050,3.215057659
0.4100,3.18298676
0.4150,3.151085895
0.4200,3.119210427
0.4250,3.087344085
0.4300,3.05566091
0.4350,3.02401833
0.4400,2.992660747
0.4450,2.9615141
0.4500,2.93064993
0.4550,2.900169
0.4600,2.870152061
0.4650,2.840443315
0.4700,2.81112501
0.4750,2.782083524
0.4800,2.753190122
0.4850,2.724174738
0.4900,2.695192554
0.4950,2.665837721
0.5000,2.636261992
0.5050,2.60630945
0.5100,2.575973324
0.5150,2.545206822
0.5200,2.514116296
0.5250,2.482546648
0.5300,2.450377964
0.5350,2.417858531
0.5400,2.385027984
0.5450,2.351786473
0.5500,2.318307
0.5550,2.284794004
0.5600,2.251120152
0.5650,2.217498369
0.5700,2.184164313
0.5750,2.151300062
0.5800,2.119060686
0.5850,2.087384975
0.5900,2.056553801
0.5950,2.026380056
0.6000,1.996971365
0.6050,1.968361386
0.6100,1.940272509
0.6150,1.912679713
0.6200,1.885599374
0.6250,1.858980493
0.6300,1.832603925
0.6350,1.806830621
0.6400,1.78144459
0.6450,1.756388749
0.6500,1.731931396
0.6550,1.707919795
0.6600,1.684497088
0.6650,1.661564056
0.6700,1.638917983
0.6750,1.616686383
0.6800,1.594813976
0.6850,1.5734698
0.6900,1.552685027
0.6950,1.532662215
0.7000,1.513432559
0.7050,1.494868663
0.7100,1.477098514
0.7150,1.459893608
0.7200,1.44336329
0.7250,1.427267432
0.7300,1.411439167
0.7350,1.395877119
0.7400,1.380293688
0.7450,1.364691648
0.7500,1.348953523
0.7550,1.332788355
0.7600,1.316189573
0.7650,1.299007468
0.7700,1.281151913
0.7750,1.262787813
0.7800,1.243816818
0.7850,1.224332837
0.7900,1.204344774
0.7950,1.183932798
0.8000,1.162780515
0.8050,1.140946776
0.8100,1.118295243
0.8150,1.09500307
0.8200,1.070888029
0.8250,1.046202352
0.8300,1.021020162
0.8350,0.9952768174
0.8400,0.9691375445
0.8450,0.9427368045
0.8500,0.9161875052
0.8550,0.8893733657
0.8600,0.8624988072
0.8650,0.8358469208
0.8700,0.8092096517
0.8750,0.782901688
0.8800,0.7566574728
0.8850,0.7307823301
0.8900,0.7050123877
0.8950,0.6797563736
0.9000,0.6549800847
0.9050,0.6306070671
0.9100,0.6068675275
0.9150,0.5837371037
0.9200,0.5611351359
0.9250,0.5390749037
0.9300,0.5175106461
0.9350,0.4962231353
0.9400,0.4753439359
0.9450,0.4547528945
0.9500,0.4342629532
0.9550,0.4138366888
0.9600,0.3932718486
0.9650,0.3724704291
0.9700,0.3515896301
0.9750,0.3304763673
0.9800,0.3092542979
0.9850,0.2878626613
0.9900,0.2660591484
0.9950,0.2439016789
1.0000,0.2212495744
1.0050,0.1982124632
1.0100,0.1747414612
1.0150,0.1511114338
1.0200,0.1270299844
1.0250,0.1028760938
1.0300,0.07876274916
1.0350,0.05467555017
1.0400,0.03079378026
1.0450,0.006946324642
1.0500,-0.01663010214
1.0550,-0.03984278732
1.0600,-0.06280366413
1.0650,-0.08524345806
1.0700,-0.1072295716
1.0750,-0.1289352882
1.0800,-0.1504270879
1.0850,-0.1717699509
1.0900,-0.1931080737
1.0950,-0.2145991739
1.1000,-0.236190998
1.1050,-0.2580459889
1.1100,-0.2800475203
1.1150,-0.302525649
1.1200,-0.3254140385
1.1250,-0.3490155598
1.1300,-0.3734663583
1.1350,-0.3988720832
1.1400,-0.4253787665
1.1450,-0.4530493777
1.1500,-0.481972893
1.1550,-0.5120743984
1.1600,-0.5434928786
1.1650,-0.5763684787
1.1700,-0.6104054616
1.1750,-0.6459376342
1.1800,-0.6827231159
1.1850,-0.7206406436
1.1900,-0.7595397604
1.1950,-0.7994392469
1.2000,-0.8402074653
1.2050,-0.8818130196
1.2100,-0.9242370431
1.2150,-0.9674595278
1.2200,-1.011420286
1.2250,-1.055963402
1.2300,-1.101030637
1.2350,-1.146715186
1.2400,-1.192942182
1.2450,-1.239605194
1.2500,-1.286589727
1.2550,-1.333793094
1.2600,-1.380984885
1.2650,-1.427990904
1.2700,-1.474832099
1.2750,-1.521239579
1.2800,-1.567268253
1.2850,-1.612907372
1.2900,-1.657799366
1.2950,-1.702067264
1.3000,-1.745443239
1.3050,-1.787937216
1.3100,-1.829430294
1.3150,-1.869930835
1.3200,-1.909274806
1.3250,-1.947634369
1.3300,-1.984884411
1.3350,-2.02100534
1.3400,-2.05596831
1.3450,-2.089423632
1.3500,-2.121694524
1.3550,-2.152797205
1.3600,-2.18285302
1.3650,-2.211981778
1.3700,-2.240155195
1.3750,-2.267488594
1.3800,-2.294025799
1.3850,-2.319841087
1.3900,-2.345050606
1.3950,-2.369624519
1.4000,-2.393455477
1.4050,-2.416560613
1.4100,-2.439113177
1.4150,-2.461056758
1.4200,-2.482317766
1.4250,-2.502770151
1.4300,-2.522330722
1.4350,-2.541008455
1.4400,-2.558760746
1.4450,-2.575546241
1.4500,-2.59152051
1.4550,-2.60647723
1.4600,-2.620329111
1.4650,-2.633087044
1.4700,-2.644866873
1.4750,-2.655734923
1.4800,-2.665740044
1.4850,-2.675041733
1.4900,-2.683664608
1.4950,-2.691580029
1.5000,-2.698945112
1.5050,-2.705744487
1.5100,-2.712078237
1.5150,-2.717775477
1.5200,-2.722814935
1.5250,-2.727112661
1.5300,-2.730516191
1.5350,-2.732858254
1.5400,-2.734145577
1.5450,-2.734551826
1.5500,-2.733858769
1.5550,-2.73184504
1.5600,-2.728512979
1.5650,-2.723668361
1.5700,-2.717170287
1.5750,-2.708953368
1.5800,-2.698875192
1.5850,-2.686707899
1.5900,-2.672549339
1.5950,-2.656173579
1.6000,-2.637584217
1.6050,-2.616815264
1.6100,-2.593997222
1.6150,-2.569072253
1.6200,-2.542091334
1.6250,-2.513214271
1.6300,-2.482942512
1.6350,-2.451080557
1.6400,-2.417688885
1.6450,-2.383214317
1.6500,-2.347870864
1.6550,-2.311880107
1.6600,-2.275421063
1.6650,-2.238794766
1.6700,-2.202314482
1.6750,-2.166064877
1.6800,-2.130358315
1.6850,-2.095435197
1.6900,-2.061605816
1.6950,-2.029012689
1.7000,-1.99799672
1.7050,-1.96862414
1.7100,-1.94109842
1.7150,-1.915487739
1.7200,-1.892130949
1.7250,-1.871250549
1.7300,-1.852880747
1.7350,-1.837136086
1.7400,-1.82399945
1.7450,-1.813401417
1.7500,-1.805136225
1.7550,-1.799570556
1.7600,-1.796676277
1.7650,-1.796469879
1.7700,-1.79899509
1.7750,-1.804058181
1.7800,-1.811483393
1.7850,-1.821242754
1.7900,-1.833142657
1.7950,-1.847031471
1.8000,-1.862617354
1.8050,-1.879799624
1.8100,-1.898190265
1.8150,-1.917649451
1.8200,-1.937934335
1.8250,-1.958751341
1.8300,-1.980124553
1.8350,-2.001868603
1.8400,-2.023874639
1.8450,-2.045710552
1.8500,-2.067518157
1.8550,-2.089383912
1.8600,-2.111144212
1.8650,-2.133083426
1.8700,-2.155130732
1.8750,-2.177605172
1.8800,-2.200378333
1.8850,-2.223702399
1.8900,-2.247704767
1.8950,-2.272570945
1.9000,-2.298334001
1.9050,-2.325065497
1.9100,-2.352600412
1.9150,-2.381096017
1.9200,-2.410417171
1.9250,-2.440366323
1.9300,-2.470651246
1.9350,-2.501407677
1.9400,-2.532537897
1.9450,-2.563765817
1.9500,-2.594716876
1.9550,-2.625437448
1.9600,-2.655854523
1.9650,-2.685684205
1.9700,-2.714817074
1.9750,-2.74344474
1.9800,-2.771490509
1.9850,-2.79888596
1.9900,-2.825417329
1.9950,-2.85102442
2.0000,-2.875545837
2.0050,-2.89907038
2.0100,-2.921443215
2.0150,-2.942609591
2.0200,-2.962470395
2.0250,-2.981023612
2.0300,-2.998463344
2.0350,-3.014986515
2.0400,-3.030914449
2.0450,-3.046532938
2.0500,-3.061887773
2.0550,-3.077265619
2.0600,-3.092714889
2.0650,-3.10820056
2.0700,-3.123725757
2.0750,-3.139402782
2.0800,-3.155247568
2.0850,-3.171145273
2.0900,-3.187001288
2.0950,-3.202786953
2.1000,-3.218264867
2.1050,-3.233097474
2.1100,-3.246921475
2.1150,-3.259438841
2.1200,-3.270265012
2.1250,-3.279285036
2.1300,-3.286102256
2.1350,-3.290479972
2.1400,-3.291985055
2.1450,-3.290406937
2.1500,-3.285480763
2.1550,-3.277073546
2.1600,-3.2651117
2.1650,-3.24942314
2.1700,-3.23045349
2.1750,-3.20812855
2.1800,-3.182791973
2.1850,-3.154753311
2.1900,-3.124316033
2.1950,-3.091862138
2.2000,-3.057688775
2.2050,-3.022118598
2.2100,-2.985487511
2.2150,-2.948020555
2.2200,-2.909989269
2.2250,-2.871356856
2.2300,-2.832237591
2.2350,-2.792500581
2.2400,-2.752192251
2.2450,-2.711428572
2.2500,-2.669979145
2.2550,-2.627718733
2.2600,-2.584319837
2.2650,-2.540002159
2.2700,-2.494623284
2.2750,-2.44783919
2.2800,-2.399565874
2.2850,-2.349932077
2.2900,-2.298909151
2.2950,-2.246564509
2.3000,-2.193230015
2.3050,-2.138895437
2.3100,-2.083869847
2.3150,-2.028492275
2.3200,-1.972771381
2.3250,-1.917074474
2.3300,-1.861548101
2.3350,-1.806050467
2.3400,-1.75068628
2.3450,-1.695608175
2.3500,-1.641054586
2.3550,-1.58681412
2.3600,-1.53300078
2.3650,-1.479856035
2.3700,-1.427299062
2.3750,-1.375153496
2.3800,-1.323402964
2.3850,-1.272200835
2.3900,-1.221430567
2.3950,-1.171269172
2.4000,-1.121686098
2.4050,-1.072817902
2.4100,-1.02481396
2.4150,-0.9776290327
2.4200,-0.9313970772
2.4250,-0.8860281982
2.4300,-0.8415315931
2.4350,-0.7978448322
2.4400,-0.7550925568
2.4450,-0.7135097451
2.4500,-0.6728655759
2.4550,-0.6333847967
2.4600,-0.5952033004
2.4650,-0.5584625041
2.4700,-0.5230618068
2.4750,-0.4889344
2.4800,-0.4561349736
2.4850,-0.4247235748
2.4900,-0.3947139865
2.4950,-0.3657872054
2.5000,-0.3379493981
2.5050,-0.3111397618
2.5100,-0.2853465267
2.5150,-0.2604833258
2.5200,-0.2364277529
2.5250,-0.2132781504
2.5300,-0.1908865504
2.5350,-0.1692943727
2.5400,-0.1483848819
2.5450,-0.1280162542
2.5500,-0.1084124346
2.5550,-0.08925224773
2.5600,-0.07064967684
2.5650,-0.05255820506
2.5700,-0.03475619648
2.5750,-0.01740174273
2.5800,-0.0003846917811
2.5850,0.01628189347
2.5900,0.03259849562
2.5950,0.04854935772
2.6000,0.06428209447
2.6050,0.0797519155
2.6100,0.09511216544
2.6150,0.1104037245
2.6200,0.1256067817
2.6250,0.1407220633
2.6300,0.1558788893
2.6350,0.1709322362
2.6400,0.1860778786
2.6450,0.2012503839
2.6500,0.2165194248
2.6550,0.2317909891
2.6600,0.2471250466
2.6650,0.2626638338
2.6700,0.2781973386
2.6750,0.2936659258
2.6800,0.3090852285
2.6850,0.3246231702
2.6900,0.3401015282
2.6950,0.3557048544
2.7000,0.3713408746
2.7050,0.3871480942
2.7100,0.4028688785
2.7150,0.4186035057
2.7200,0.4344181813
2.7250,0.4501196938
2.7300,0.4657730021
2.7350,0.481474952
2.7400,0.4971105166
2.7450,0.512661007
2.7500,0.5279041176
2.7550,0.5429087696
2.7600,0.5575751112
2.7650,0.5720886586
2.7700,0.5863276203
2.7750,0.6001984478
2.7800,0.6136970212
2.7850,0.6269443525
2.7900,0.6399133506
2.7950,0.6524466114
2.8000,0.6646360141
2.8050,0.6762581036
2.8100,0.6875954284
2.8150,0.6985329703
2.8200,0.7089880505
2.8250,0.71912911
2.8300,0.728869353
2.8350,0.7381491793
2.8400,0.7469510833
2.8450,0.755251327
2.8500,0.7632049076
2.8550,0.7705845533
2.8600,0.7775113557
2.8650,0.7841795255
2.8700,0.7905384609
2.8750,0.7964774097
2.8800,0.8020811471
2.8850,0.8074588586
2.8900,0.8126983181
2.8950,0.817854073
2.9000,0.8228548486
2.9050,0.8279237725
2.9100,0.8330666914
2.9150,0.8381679304
2.9200,0.8433296486
2.9250,0.8486846769
2.9300,0.8541925643
2.9350,0.8600657137
2.9400,0.8660313638
2.9450,0.872472659
2.9500,0.8790191289
2.9550,0.8859670866
2.9600,0.893182085
2.9650,0.9005332488
2.9700,0.9081372679
2.9750,0.9158660915
2.9800,0.9237573994
2.9850,0.9316206609
2.9900,0.939578322
2.9950,0.9474674441
3.0000,0.955188199
3.0050,0.962795936
3.0100,0.970334151
3.0150,0.9775894148
3.0200,0.9845188077
3.0250,0.9910694343
3.0300,0.9973056101
3.0350,1.003163372
3.0400,1.008632819
3.0450,1.013854018
3.0500,1.018728813
3.0550,1.023409278
3.0600,1.027945518
3.0650,1.032106919
3.0700,1.036136433
3.0750,1.039939142
3.0800,1.043540545
3.0850,1.047031455
3.0900,1.050485951
3.0950,1.053976452
3.1000,1.057338934
3.1050,1.060839566
3.1100,1.064451146
3.1150,1.068146114
3.1200,1.072069002
3.1250,1.076190557
3.1300,1.080720629
3.1350,1.085453466
3.1400,1.090510288
3.1450,1.095882352
3.1500,1.101406481
3.1550,1.107173996
3.1600,1.113032745
3.1650,1.118843416
3.1700,1.124574095
3.1750,1.130392626
3.1800,1.135998476
3.1850,1.141445869
3.1900,1.146723856
3.1950,1.151718345
3.2000,1.156554082
3.2050,1.161017292
3.2100,1.165018661
3.2150,1.168890568
3.2200,1.172466065
3.2250,1.175727282
3.2300,1.178867774
3.2350,1.18171565
3.2400,1.184390013
3.2450,1.186638418
3.2500,1.188845625
3.2550,1.190732754
3.2600,1.192378564
3.2650,1.193835702
3.2700,1.194829292
3.2750,1.195664946
3.2800,1.196226067
3.2850,1.196645395
3.2900,1.196721906
3.2950,1.196654948
3.3000,1.196496077
3.3050,1.196166543
3.3100,1.195774052
3.3150,1.195312088
3.3200,1.194720384
3.3250,1.194385534
3.3300,1.194035602
3.3350,1.193698259
3.3400,1.193618592
3.3450,1.193744641
3.3500,1.194187854
3.3550,1.194897368
3.3600,1.195910463
3.3650,1.197371738
3.3700,1.199397305
3.3750,1.201994954
3.3800,1.205223874
3.3850,1.20893036
3.3900,1.213273578
3.3950,1.218259539
3.4000,1.223838271
3.4050,1.230066661
3.4100,1.236775489
3.4150,1.244092257
3.4200,1.252075837
3.4250,1.260620864
3.4300,1.269554354
3.4350,1.279101174
3.4400,1.289150725
3.4450,1.29977493
3.4500,1.310963008
3.4550,1.32272818
3.4600,1.335046379
3.4650,1.348051532
3.4700,1.361576931
3.4750,1.375616094
3.4800,1.390278184
3.4850,1.405497222
3.4900,1.421147586
3.4950,1.437339829
3.5000,1.45407557
3.5050,1.471591459
3.5100,1.489984508
3.5150,1.509182068
3.5200,1.529324159
3.5250,1.550546746
3.5300,1.572718095
3.5350,1.59594664
3.5400,1.620476818
3.5450,1.646278826
3.5500,1.673482546
3.5550,1.70215279
3.5600,1.732314071
3.5650,1.764022482
3.5700,1.797704558
3.5750,1.833169721
3.5800,1.870520385
3.5850,1.909982825
3.5900,1.951675731
3.5950,1.995744956
3.6000,2.042277055
3.6050,2.09148492
3.6100,2.143677459
3.6150,2.199140597
3.6200,2.25797908
3.6250,2.320373964
3.6300,2.386540718
3.6350,2.456523105
3.6400,2.530401469
3.6450,2.608314585
3.6500,2.690264692
3.6550,2.776173745
3.6600,2.86631454
3.6650,2.960652957
3.6700,3.05898595
3.6750,3.161441645
3.6800,3.267824049
3.6850,3.378239215
3.6900,3.492525901
3.6950,3.610632706
3.7000,3.732674008
3.7050,3.858540335
3.7100,3.988202891
3.7150,4.121726975
3.7200,4.258933335
3.7250,4.399876087
3.7300,4.54447675
3.7350,4.692815642
3.7400,4.844526412
3.7450,4.99961088
3.7500,5.157904769
3.7550,5.319185758
3.7600,5.483200732
3.7650,5.649643785
3.7700,5.818272448
3.7750,5.988706603
3.7800,6.160503058
3.7850,6.333433842
3.7900,6.507180129
3.7950,6.681278124
3.8000,6.855581452
3.8050,7.029647176
3.8100,7.203333422
3.8150,7.37633966
3.8200,7.548573896
3.8250,7.719969022
3.8300,7.890684628
3.8350,8.060671043
3.8400,8.229998412
3.8450,8.398782953
3.8500,8.567142422
3.8550,8.735397077
3.8600,8.903664788
3.8650,9.072238037
3.8700,9.241259285
3.8750,9.411070876
3.8800,9.582022208
3.8850,9.754059827
3.8900,9.92746614
3.8950,10.10237105
3.9000,10.27862308
3.9050,10.45627331
3.9100,10.63529467
3.9150,10.81558804
3.9200,10.99735528
3.9250,11.18040834
3.9300,11.36478738
3.9350,11.55071673
3.9400,11.73831691
3.9450,11.92757808
3.9500,12.11875481
3.9550,12.31199018
3.9600,12.50705598
3.9650,12.70402927
3.9700,12.90295786
3.9750,13.10387429
3.9800,13.30677182
3.9850,13.51164185
3.9900,13.7186015
3.9950,13.9275946
4.0000,14.13857487
4.0050,14.35157692
4.0100,14.56657617
4.0150,14.78344075
4.0200,15.00200719
4.0250,15.22217374
4.0300,15.44385546
4.0350,15.66669019
4.0400,15.89068523
4.0450,16.11559259
4.0500,16.34114738
4.0550,16.56717275
4.0600,16.79375644
4.0650,17.02070262
4.0700,17.24793033
4.0750,17.47543701
4.0800,17.70317725
4.0850,17.93111395
4.0900,18.15900757
4.0950,18.3869652
4.1000,18.61486066
4.1050,18.84254825
4.1100,19.06988284
4.1150,19.29675676
4.1200,19.52294804
4.1250,19.74849526
4.1300,19.97318331
4.1350,20.19686468
4.1400,20.41941847
4.1450,20.64079646
4.1500,20.86076058
4.1550,21.07910193
4.1600,21.29580304
4.1650,21.51071659
4.1700,21.72386406
4.1750,21.93503243
4.1800,22.14425452
4.1850,22.35156567
4.1900,22.55713684
4.1950,22.76079067
4.2000,22.96275168
4.2050,23.16297905
4.2100,23.36138699
4.2150,23.55817389
4.2200,23.75329123
4.2250,23.94670633
4.2300,24.13856786
4.2350,24.32875238
4.2400,24.51710649
4.2450,24.70348975
4.2500,24.88779695
4.2550,25.06997006
4.2600,25.25018568
4.2650,25.42847786
4.2700,25.60490353
4.2750,25.77937568
4.2800,25.95210257
4.2850,26.12304357
4.2900,26.29208272
4.2950,26.4592558
4.3000,26.62434653
4.3050,26.78753111
4.3100,26.94864971
4.3150,27.10781977
4.3200,27.26514521
4.3250,27.42072588
4.3300,27.57450597
4.3350,27.72667831
4.3400,27.8773082
4.3450,28.02631552
4.3500,28.17415635
4.3550,28.32094246
4.3600,28.46637965
4.3650,28.61036566
4.3700,28.75278497
4.3750,28.89339317
4.3800,29.0324881
4.3850,29.16982416
4.3900,29.30546919
4.3950,29.43912092
4.4000,29.57068187
4.4050,29.70024699
4.4100,29.82755179
4.4150,29.95267499
4.4200,30.0757677
4.4250,30.19685144
4.4300,30.31588358
4.4350,30.43305018
4.4400,30.54804921
4.4450,30.66063678
4.4500,30.7709377
4.4550,30.87922609
4.4600,30.98548269
4.4650,31.08996151
4.4700,31.1923346
4.4750,31.29280252
4.4800,31.3912524
4.4850,31.48783438
4.4900,31.58220017
4.4950,31.6746268
4.5000,31.76515211
4.5050,31.85397682
4.5100,31.9409404
4.5150,32.02615587
4.5200,32.10942655
4.5250,32.19077152
4.5300,32.26991085
4.5350,32.34674976
4.5400,32.42127614
4.5450,32.49384357
4.5500,32.56448092
4.5550,32.63317734
4.5600,32.69984154
4.5650,32.76456189
4.5700,32.82746546
4.5750,32.88850056
4.5800,32.94776489
4.5850,33.00501987
4.5900,33.06018737
4.5950,33.11333881
4.6000,33.16467789
4.6050,33.21355462
4.6100,33.2600326
4.6150,33.30413068
4.6200,33.34613176
4.6250,33.38625535
4.6300,33.42463941
4.6350,33.46116642
4.6400,33.4957067
4.6450,33.52824131
4.6500,33.55880615
4.6550,33.58729311
4.6600,33.61365697
4.6650,33.63745473
4.6700,33.65859014
4.6750,33.67721077
4.6800,33.6932038
4.6850,33.70703787
4.6900,33.7184326
4.6950,33.72759006
4.7000,33.73439834
4.7050,33.73909895
4.7100,33.742238
4.7150,33.74389648
4.7200,33.74407854
4.7250,33.74289275
4.7300,33.74036693
4.7350,33.73661341
4.7400,33.73162227
4.7450,33.72547965
4.7500,33.71799675
4.7550,33.70897807
4.7600,33.69876329
4.7650,33.68718303
4.7700,33.67477936
4.7750,33.66127795
4.7800,33.64664271
4.7850,33.63077148
4.7900,33.61415178
4.7950,33.59667621
4.8000,33.57873452
4.8050,33.5600334
4.8100,33.54066199
4.8150,33.52035455
4.8200,33.49927531
4.8250,33.47744672
4.8300,33.45537503
4.8350,33.43328493
4.8400,33.41154595
4.8450,33.38983643
4.8500,33.36812274
4.8550,33.3464669
4.8600,33.32482612
4.8650,33.30289056
4.8700,33.27999492
4.8750,33.25542157
4.8800,33.22867347
4.8850,33.19999729
4.8900,33.16931252
4.8950,33.13626868
4.9000,33.10053492
4.9050,33.06208953
4.9100,33.02088997
4.9150,32.97698823
4.9200,32.93025322
4.9250,32.88045227
4.9300,32.8276195
4.9350,32.77199178
4.9400,32.71408208
4.9450,32.65387497
4.9500,32.59128088
4.9550,32.52635518
4.9600,32.4591731
4.9650,32.39054859
4.9700,32.32059163
4.9750,32.24947518
4.9800,32.17702219
4.9850,32.10346364
4.9900,32.02903917
4.9950,31.95424507
5.0000,31.8794964
5.0050,31.80456543
5.0100,31.72923772
5.0150,31.65349461
5.0200,31.57727283
5.0250,31.50023379
5.0300,31.42259179
5.0350,31.34437213
5.0400,31.26597125
5.0450,31.18785043
5.0500,31.11010988
5.0550,31.03324797
5.0600,30.95746836
5.0650,30.88296388
5.0700,30.80956108
5.0750,30.73753967
5.0800,30.66663358
5.0850,30.59697275
5.0900,30.52824743
5.0950,30.46032059
5.1000,30.39251411
5.1050,30.32504937
5.1100,30.25792831
5.1150,30.19133929
5.1200,30.1252052
5.1250,30.05954939
5.1300,29.99387197
5.1350,29.92795343
5.1400,29.8611653
5.1450,29.79342713
5.1500,29.72458897
5.1550,29.65446356
5.1600,29.58290199
5.1650,29.50960454
5.1700,29.4348688
5.1750,29.35897101
5.1800,29.28180696
5.1850,29.20269194
5.1900,29.12116296
5.1950,29.03716082
5.2000,28.95071874
5.2050,28.86200897
5.2100,28.7708475
5.2150,28.6769014
5.2200,28.58008549
5.2250,28.48042227
5.2300,28.37785402
5.2350,28.2727077
5.2400,28.16482012
5.2450,28.05459784
5.2500,27.94234265
5.2550,27.82827011
5.2600,27.71249362
5.2650,27.59516505
5.2700,27.47630146
5.2750,27.35639856
5.2800,27.23548779
5.2850,27.11342456
5.2900,26.99059821
5.2950,26.86666173
5.3000,26.74153131
5.3050,26.61536824
5.3100,26.48822924
5.3150,26.36027444
5.3200,26.23171319
5.3250,26.10245799
5.3300,25.97251155
5.3350,25.84204012
5.3400,25.71118748
5.3450,25.57996774
5.3500,25.44885435
5.3550,25.31774012
5.3600,25.18668021
5.3650,25.0557324
5.3700,24.9253897
5.3750,24.79559737
5.3800,24.66693315
5.3850,24.53851688
5.3900,24.41067057
5.3950,24.28375169
5.4000,24.1577704
5.4050,24.03249787
5.4100,23.90780139
5.4150,23.78354944
5.4200,23.65977747
5.4250,23.53640985
5.4300,23.41330746
5.4350,23.29050152
5.4400,23.16820049
5.4450,23.0465127
5.4500,22.92532874
5.4550,22.80452751
5.4600,22.68406118
5.4650,22.56421152
5.4700,22.44482497
5.4750,22.32570316
5.4800,22.20690823
5.4850,22.08853477
5.4900,21.97078771
5.4950,21.85361101
5.5000,21.737191
5.5050,21.6214305
5.5100,21.50658391
5.5150,21.39302129
5.5200,21.28050944
5.5250,21.16927402
5.5300,21.05932743
5.5350,20.95046717
5.5400,20.84268381
5.5450,20.73590965
5.5500,20.62992664
5.5550,20.52446083
5.5600,20.41979033
5.5650,20.3156242
5.5700,20.21222436
5.5750,20.10915361
5.5800,20.00666436
5.5850,19.90486232
5.5900,19.80347605
5.5950,19.7026524
5.6000,19.60230943
5.6050,19.50226217
5.6100,19.40230361
5.6150,19.30218834
5.6200,19.20177812
5.6250,19.10140615
5.6300,19.00097029
5.6350,18.90034342
5.6400,18.79964935
5.6450,18.69898974
5.6500,18.59827031
5.6550,18.49760792
5.6600,18.39692507
5.6650,18.29608045
5.6700,18.19492262
5.6750,18.09368331
5.6800,17.99206301
5.6850,17.89123854
5.6900,17.79068803
5.6950,17.69035366
5.7000,17.59051115
5.7050,17.49112971
5.7100,17.3922481
5.7150,17.29380001
5.7200,17.19581131
5.7250,17.09823998
5.7300,17.00123432
5.7350,16.90485626
5.7400,16.80900426
5.7450,16.71337521
5.7500,16.61805854
5.7550,16.52315017
5.7600,16.42859809
5.7650,16.3342953
5.7700,16.24030456
5.7750,16.14676949
5.7800,16.05375343
5.7850,15.96140184
5.7900,15.86984061
5.7950,15.7791609
5.8000,15.68917461
5.8050,15.59999457
5.8100,15.51164071
5.8150,15.42390356
5.8200,15.3371238
5.8250,15.25101093
5.8300,15.16574647
5.8350,15.08121517
5.8400,14.99775996
5.8450,14.91528507
5.8500,14.83365395
5.8550,14.75340417
5.8600,14.67426882
5.8650,14.59639905
5.8700,14.51985612
5.8750,14.44442171
5.8800,14.37013645
5.8850,14.29681876
5.8900,14.22449862
5.8950,14.15302057
5.9000,14.08241525
5.9050,14.01254696
5.9100,13.94368956
5.9150,13.87598502
5.9200,13.80935416
5.9250,13.74358787
5.9300,13.67872781
5.9350,13.61479241
5.9400,13.55157478
5.9450,13.48920181
5.9500,13.42768608
5.9550,13.36690432
5.9600,13.3070515
5.9650,13.24836789
5.9700,13.1907757
5.9750,13.13443149
5.9800,13.07941147
5.9850,13.02551192
5.9900,12.97299386
5.9950,12.92176446
6.0000,12.87169891
6.0050,12.82284278
6.0100,12.77505349
6.0150,12.72844608
6.0200,12.68281442
6.0250,12.63814216
6.0300,12.59426154
6.0350,12.55112389
6.0400,12.50848705
6.0450,12.46631422
6.0500,12.424672
6.0550,12.38348949
6.0600,12.34279857
6.0650,12.30254059
6.0700,12.26241821
6.0750,12.22244782
6.0800,12.18267232
6.0850,12.14281008
6.0900,12.1028649
6.0950,12.06275406
6.1000,12.02241244
6.1050,11.98172151
6.1100,11.94071901
6.1150,11.89935296
6.1200,11.85742811
6.1250,11.81503478
6.1300,11.77209612
6.1350,11.72860361
6.1400,11.68428117
6.1450,11.63911503
6.1500,11.59323416
6.1550,11.54627116
6.1600,11.49840698
6.1650,11.44965398
6.1700,11.39978596
6.1750,11.3489619
6.1800,11.29720983
6.1850,11.24458841
6.1900,11.1911148
6.1950,11.13697259
6.2000,11.08210052
6.2050,11.02678936
6.2100,10.97103238
6.2150,10.91488709
6.2200,10.85840686
6.2250,10.80178251
6.2300,10.74508633
6.2350,10.68837133
6.2400,10.6319916
6.2450,10.57580601
6.2500,10.52003872
6.2550,10.46503872
6.2600,10.41077867
6.2650,10.35738965
6.2700,10.30504975
6.2750,10.25382227
6.2800,10.20393416
6.2850,10.15528043
6.2900,10.10803755
6.2950,10.0622685
6.3000,10.01814543
6.3050,9.975835424
6.3100,9.935370932
6.3150,9.89672572
6.3200,9.860205099
6.3250,9.825547351
6.3300,9.7930777
6.3350,9.762838819
6.3400,9.734675503
6.3450,9.708752694
6.3500,9.684843302
6.3550,9.662803747
6.3600,9.642540384
6.3650,9.623891262
6.3700,9.607052959
6.3750,9.591833415
6.3800,9.578125199
6.3850,9.566051351
6.3900,9.555436826
6.3950,9.546244188
6.4000,9.53847898
6.4050,9.532249722
6.4100,9.527317526
6.4150,9.523773284
6.4200,9.52163043
6.4250,9.520795985
6.4300,9.521234377
6.4350,9.522997626
6.4400,9.526129827
6.4450,9.53071677
6.4500,9.536634904
6.4550,9.543857177
6.4600,9.552322906
6.4650,9.561994923
6.4700,9.57304701
6.4750,9.585398772
6.4800,9.599023414
6.4850,9.613845682
6.4900,9.629940123
6.4950,9.64709862
6.5000,9.665399423
6.5050,9.684899114
6.5100,9.705492112
6.5150,9.727161367
6.5200,9.74985684
6.5250,9.773608726
6.5300,9.798369899
6.5350,9.824124594
6.5400,9.850753693
6.5450,9.878133136
6.5500,9.906292254
6.5550,9.935077659
6.5600,9.964388319
6.5650,9.994366753
6.5700,10.02495882
6.5750,10.05618664
6.5800,10.08783701
6.5850,10.12007521
6.5900,10.15296344
6.5950,10.18634849
6.6000,10.22022927
6.6050,10.25455089
6.6100,10.28943059
6.6150,10.32487051
6.6200,10.36059892
6.6250,10.39693971
6.6300,10.43374139
6.6350,10.4708951
6.6400,10.50867408
6.6450,10.54695747
6.6500,10.58577055
6.6550,10.62527283
6.6600,10.66533011
6.6650,10.70604958
6.6700,10.74733961
6.6750,10.78926807
6.6800,10.83178675
6.6850,10.87498542
6.6900,10.91900176
6.6950,10.96382176
6.7000,11.00952475
6.7050,11.05606275
6.7100,11.10353994
6.7150,11.15190976
6.7200,11.20125521
6.7250,11.25158287
6.7300,11.3029507
6.7350,11.3554307
6.7400,11.40893308
6.7450,11.46343385
6.7500,11.51906672
6.7550,11.57579135
6.7600,11.6337003
6.7650,11.69295811
6.7700,11.75336689
6.7750,11.81500967
6.7800,11.87785166
6.7850,11.94186167
6.7900,12.00705644
6.7950,12.07346237
6.8000,12.14106446
6.8050,12.20973648
6.8100,12.27963864
6.8150,12.35073334
6.8200,12.42318465
6.8250,12.4969806
6.8300,12.57212809
6.8350,12.64860844
6.8400,12.72642971
6.8450,12.80581994
6.8500,12.8867529
6.8550,12.96927062
6.8600,13.05359456
6.8650,13.13966247
6.8700,13.22756091
6.8750,13.31747288
6.8800,13.40950955
6.8850,13.50371207
6.8900,13.60018161
6.8950,13.69898509
6.9000,13.80013935
6.9050,13.90367554
6.9100,14.00957064
6.9150,14.11768454
6.9200,14.22799919
6.9250,14.34032486
6.9300,14.45463862
6.9350,14.57061749
6.9400,14.68825857
6.9450,14.80755957
6.9500,14.92824361
6.9550,15.05019865
6.9600,15.17350052
6.9650,15.29781767
6.9700,15.42308903
6.9750,15.54919839
6.9800,15.67595357
6.9850,15.80346801
6.9900,15.93162948
6.9950,16.06050416
7.0000,16.18999955
7.0050,16.32019263
7.0100,16.45105786
7.0150,16.58258532
7.0200,16.71462445
7.0250,16.84735746
7.0300,16.98065601
7.0350,17.11438989
7.0400,17.24858939
7.0450,17.38320775
7.0500,17.51800048
7.0550,17.6532812
7.0600,17.78866461
7.0650,17.92400349
7.0700,18.05937315
7.0750,18.19445672
7.0800,18.32928451
7.0850,18.46388917
7.0900,18.59808829
7.0950,18.73185954
7.1000,18.86519083
7.1050,18.99803956
7.1100,19.13035929
7.1150,19.26235159
7.1200,19.39404149
7.1250,19.52549925
7.1300,19.65673938
7.1350,19.78809925
7.1400,19.91957237
7.1450,20.05113479
7.1500,20.18302637
7.1550,20.31520375
7.1600,20.44791377
7.1650,20.58118393
7.1700,20.71515609
7.1750,20.84963683
7.1800,20.98486298
7.1850,21.12089314
7.1900,21.2576615
7.1950,21.39528186
7.2000,21.53372948
7.2050,21.67319116
7.2100,21.81361787
7.2150,21.95513118
7.2200,22.09786063
7.2250,22.24189691
7.2300,22.38709793
7.2350,22.53368895
7.2400,22.68152097
7.2450,22.83069132
7.2500,22.98132245
7.2550,23.13329898
7.2600,23.28651277
7.2650,23.44123101
7.2700,23.59745805
7.2750,23.75500256
7.2800,23.91396561
7.2850,24.07405114
7.2900,24.23544776
7.2950,24.39782656
7.3000,24.56125923
7.3050,24.7255613
7.3100,24.89070714
7.3150,25.05667676
7.3200,25.22346912
7.3250,25.3907521
7.3300,25.55857961
7.3350,25.72688225
7.3400,25.89543328
7.3450,26.06431162
7.3500,26.23345987
7.3550,26.40261512
7.3600,26.57167657
7.3650,26.7405798
7.3700,26.90924193
7.3750,27.07772602
7.3800,27.24568198
7.3850,27.41292632
7.3900,27.57933974
7.3950,27.74505843
7.4000,27.90993289
7.4050,28.07416088
7.4100,28.23762018
7.4150,28.40004689
7.4200,28.5615819
7.4250,28.72237914
7.4300,28.88246453
7.4350,29.04164
7.4400,29.20024611
7.4450,29.35851913
7.4500,29.51639335
7.4550,29.67420128
7.4600,29.83183431
7.4650,29.98961044
7.4700,30.14767546
7.4750,30.30658355
7.4800,30.46637351
7.4850,30.62738207
7.4900,30.78977428
7.4950,30.95330291
7.5000,31.11917007
7.5050,31.28721071
7.5100,31.45732009
7.5150,31.62931076
7.5200,31.80313838
7.5250,31.97846618
7.5300,32.15505079
7.5350,32.3324694
7.5400,32.5105299
7.5450,32.68868792
7.5500,32.86664716
7.5550,33.04447022
7.5600,33.22202382
7.5650,33.39896579
7.5700,33.57528825
7.5750,33.75094859
7.5800,33.92577241
7.5850,34.09971003
7.5900,34.27252453
7.5950,34.44400572
7.6000,34.61421058
7.6050,34.78311334
7.6100,34.95057841
7.6150,35.1160065
7.6200,35.27922578
7.6250,35.44008745
7.6300,35.59831132
7.6350,35.75365764
7.6400,35.90636894
7.6450,36.05592692
7.6500,36.20212126
7.6550,36.34465007
7.6600,36.48376687
7.6650,36.61934609
7.6700,36.75130297
7.6750,36.87977941
7.6800,37.00477743
7.6850,37.12637577
7.6900,37.244906
7.6950,37.36015111
7.7000,37.4725618
7.7050,37.58238494
7.7100,37.69014811
7.7150,37.79627958
7.7200,37.9009202
7.7250,38.00403886
7.7300,38.10610064
7.7350,38.20728276
7.7400,38.30753011
7.7450,38.40676288
7.7500,38.50495391
7.7550,38.60226191
7.7600,38.69861378
7.7650,38.79388805
7.7700,38.8880533
7.7750,38.98074304
7.7800,39.0720877
7.7850,39.16211794
7.7900,39.25072154
7.7950,39.33809688
7.8000,39.42329468
7.8050,39.5064041
7.8100,39.58791983
7.8150,39.6678716
7.8200,39.74616485
7.8250,39.82294867
7.8300,39.89842097
7.8350,39.97298743
7.8400,40.0464777
7.8450,40.11921059
7.8500,40.19120182
7.8550,40.2622795
7.8600,40.33233828
7.8650,40.40140462
7.8700,40.46925948
7.8750,40.53555669
7.8800,40.59987149
7.8850,40.66208259
7.8900,40.72200786
7.8950,40.77974269
7.9000,40.83526033
7.9050,40.88828893
7.9100,40.9388175
7.9150,40.98731612
7.9200,41.03403207
7.9250,41.07914198
7.9300,41.12276963
7.9350,41.16478034
7.9400,41.20482857
7.9450,41.24280556
7.9500,41.27899723
7.9550,41.31340361
7.9600,41.34585767
7.9650,41.37627458
7.9700,41.40456609
7.9750,41.43055208
7.9800,41.4541486
7.9850,41.47543147
7.9900,41.49425841
7.9950,41.51098667
8.0000,41.52540852
8.0050,41.53732813
8.0100,41.54640426
8.0150,41.55249408
8.0200,41.55554157
8.0250,41.55552206
8.0300,41.55252797
8.0350,41.54642463
8.0400,41.53711749
8.0450,41.52462149
8.0500,41.50909547
8.0550,41.49057441
8.0600,41.46894191
8.0650,41.44416937
8.0700,41.41631554
8.0750,41.38558701
8.0800,41.35231806
8.0850,41.31652991
8.0900,41.2785426
8.0950,41.23873822
8.1000,41.19687956
8.1050,41.1527196
8.1100,41.10606474
8.1150,41.05693217
8.1200,41.00538778
8.1250,40.95164068
8.1300,40.89572268
8.1350,40.83747307
8.1400,40.77710584
8.1450,40.71458694
8.1500,40.64993557
8.1550,40.58315495
8.1600,40.51403395
8.1650,40.44263315
8.1700,40.36871723
8.1750,40.29222273
8.1800,40.21343655
8.1850,40.13221067
8.1900,40.04832635
8.1950,39.96166479
8.2000,39.87189184
8.2050,39.7790231
8.2100,39.68319379
8.2150,39.58443192
8.2200,39.48267805
8.2250,39.37792836
8.2300,39.27036021
8.2350,39.1603851
8.2400,39.04819968
8.2450,38.93419858
8.2500,38.81822799
8.2550,38.70038318
8.2600,38.580491
8.2650,38.4586104
8.2700,38.33460972
8.2750,38.2086276
8.2800,38.08080005
8.2850,37.9512404
8.2900,37.81990637
8.2950,37.6867392
8.3000,37.5517871
8.3050,37.41514364
8.3100,37.27700296
8.3150,37.13762443
8.3200,36.99728132
8.3250,36.85617184
8.3300,36.71424544
8.3350,36.57174393
8.3400,36.42888255
8.3450,36.2860458
8.3500,36.14317606
8.3550,36.00057847
8.3600,35.85863729
8.3650,35.71769998
8.3700,35.57782181
8.3750,35.43897964
8.3800,35.30083485
8.3850,35.16322091
8.3900,35.02606235
8.3950,34.88916292
8.4000,34.75277827
8.4050,34.61674776
8.4100,34.48099988
8.4150,34.34561402
8.4200,34.21040538
8.4250,34.07491551
8.4300,33.93911396
8.4350,33.80273561
8.4400,33.66557756
8.4450,33.52747818
8.4500,33.38841894
8.4550,33.24834638
8.4600,33.10732742
8.4650,32.96530867
8.4700,32.82233362
8.4750,32.6784311
8.4800,32.53356892
8.4850,32.38767163
8.4900,32.24080692
8.4950,32.09289233
8.5000,31.94415193
8.5050,31.79467289
8.5100,31.64437153
8.5150,31.49321327
8.5200,31.34125684
8.5250,31.1885991
8.5300,31.03519592
8.5350,30.88104427
8.5400,30.72625349
8.5450,30.57088683
8.5500,30.41506483
8.5550,30.25882905
8.5600,30.10242749
8.5650,29.94576046
8.5700,29.78925342
8.5750,29.63280996
8.5800,29.47650468
8.5850,29.32037299
8.5900,29.16464581
8.5950,29.00923136
8.6000,28.85433931
8.6050,28.70006156
8.6100,28.54640716
8.6150,28.39337914
8.6200,28.24078184
8.6250,28.08865245
8.6300,27.93698864
8.6350,27.78579573
8.6400,27.63509875
8.6450,27.48489758
8.6500,27.33528096
8.6550,27.18599359
8.6600,27.03708838
8.6650,26.88821733
8.6700,26.73957093
8.6750,26.59098337
8.6800,26.44237635
8.6850,26.29350911
8.6900,26.14429235
8.6950,25.9944277
8.7000,25.84352651
8.7050,25.69148985
8.7100,25.53791651
8.7150,25.38264566
8.7200,25.22547758
8.7250,25.06625356
8.7300,24.9048221
8.7350,24.74099142
8.7400,24.5747002
8.7450,24.40581451
8.7500,24.23438053
8.7550,24.0601406
8.7600,23.88299415
8.7650,23.70294141
8.7700,23.5200495
8.7750,23.3346355
8.7800,23.14661913
8.7850,22.95629239
8.7900,22.76392836
8.7950,22.56983464
8.8000,22.37418884
8.8050,22.17722165
8.8100,21.97934531
8.8150,21.78088627
8.8200,21.58194262
8.8250,21.38290241
8.8300,21.18403187
8.8350,20.98566116
8.8400,20.78821586
8.8450,20.59188462
8.8500,20.39706228
8.8550,20.2039043
8.8600,20.01256674
8.8650,19.82363357
8.8700,19.63691019
8.8750,19.45284105
8.8800,19.27149939
8.8850,19.09305956
8.8900,18.91744657
8.8950,18.74512816
8.9000,18.57590417
8.9050,18.40995708
8.9100,18.24725021
8.9150,18.08780455
8.9200,17.93170006
8.9250,17.77894631
8.9300,17.62938828
8.9350,17.4829275
8.9400,17.33939526
8.9450,17.19846532
8.9500,17.06009148
8.9550,16.92408633
8.9600,16.79037872
8.9650,16.65888233
8.9700,16.52904853
8.9750,16.40073495
8.9800,16.27377323
8.9850,16.14798622
8.9900,16.02284792
8.9950,15.89816433
9.0000,15.77370838
9.0050,15.64909094
9.0100,15.5241401
9.0150,15.39838152
9.0200,15.27153352
9.0250,15.14341671
9.0300,15.01372427
9.0350,14.88249822
9.0400,14.74964182
9.0450,14.61504891
9.0500,14.47859281
9.0550,14.34031403
9.0600,14.20037998
9.0650,14.05866047
9.0700,13.91518905
9.0750,13.7697255
9.0800,13.62230054
9.0850,13.47299153
9.0900,13.32180845
9.0950,13.16870908
9.1000,13.01370072
9.1050,12.8569507
9.1100,12.69839468
9.1150,12.53778036
9.1200,12.37529665
9.1250,12.21076429
9.1300,12.04416463
9.1350,11.87550787
9.1400,11.70448971
9.1450,11.53113455
9.1500,11.35538515
9.1550,11.1772465
9.1600,10.9969352
9.1650,10.8141797
9.1700,10.62938513
9.1750,10.44268419
9.1800,10.2542348
9.1850,10.06418375
9.1900,9.872802391
9.1950,9.680158323
9.2000,9.486598345
9.2050,9.292152089
9.2100,9.097247613
9.2150,8.902012144
9.2200,8.706523209
9.2250,8.511032973
9.2300,8.315722429
9.2350,8.120875387
9.2400,7.926536348
9.2450,7.732986619
9.2500,7.540156681
9.2550,7.348119643
9.2600,7.156793981
9.2650,6.966083245
9.2700,6.77632907
9.2750,6.587396258
9.2800,6.399410291
9.2850,6.212336707
9.2900,6.026558616
9.2950,5.842249747
9.3000,5.65957706
9.3050,5.478820053
9.3100,5.300045653
9.3150,5.123330749
9.3200,4.949043526
9.3250,4.776967081
9.3300,4.607223139
9.3350,4.439449131
9.3400,4.273718167
9.3450,4.109813025
9.3500,3.947764178
9.3550,3.787508889
9.3600,3.62897025
9.3650,3.472243814
9.3700,3.317520091
9.3750,3.164804075
9.3800,3.01437496
9.3850,2.866395647
9.3900,2.721066503
9.3950,2.578637547
9.4000,2.439240778
9.4050,2.303035137
9.4100,2.170182673
9.4150,2.041263203
9.4200,1.916196394
9.4250,1.795418559
9.4300,1.678988391
9.4350,1.566829518
9.4400,1.459087134
9.4450,1.355664751
9.4500,1.256104975
9.4550,1.160296146
9.4600,1.067782637
9.4650,0.9782349976
9.4700,0.8912110295
9.4750,0.8061069542
9.4800,0.7224105371
9.4850,0.6398349306
9.4900,0.5581335666
9.4950,0.4768052482
9.5000,0.3955982224
9.5050,0.3142483113
9.5100,0.232525802
9.5150,0.150182841
9.5200,0.06718833469
9.5250,-0.01669145832
9.5300,-0.1014955813
9.5350,-0.1872592724
9.5400,-0.2737878794
9.5450,-0.3612317106
9.5500,-0.4494236667
9.5550,-0.5382577518
9.5600,-0.6275975141
9.5650,-0.7171868551
9.5700,-0.8070685576
9.5750,-0.8969003715
9.5800,-0.9866338139
9.5850,-1.076137601
9.5900,-1.165584677
9.5950,-1.254970082
9.6000,-1.3442143
9.6050,-1.433336219
9.6100,-1.522092502
9.6150,-1.610227414
9.6200,-1.697801907
9.6250,-1.784379489
9.6300,-1.869835695
9.6350,-1.953726469
9.6400,-2.035915504
9.6450,-2.11592897
9.6500,-2.193781074
9.6550,-2.269199243
9.6600,-2.342025636
9.6650,-2.412245375
9.6700,-2.479935168
9.6750,-2.544866316
9.6800,-2.607186798
9.6850,-2.666736758
9.6900,-2.723523261
9.6950,-2.777654168
9.7000,-2.829120439
9.7050,-2.878004617
9.7100,-2.924358683
9.7150,-2.968326769
9.7200,-3.009663821
9.7250,-3.04884769
9.7300,-3.085763627
9.7350,-3.120432117
9.7400,-3.153042461
9.7450,-3.183576614
9.7500,-3.211768021
9.7550,-3.237874485
9.7600,-3.262063045
9.7650,-3.284191915
9.7700,-3.304660613
9.7750,-3.323397342
9.7800,-3.340497004
9.7850,-3.356107137
9.7900,-3.370335546
9.7950,-3.383245236
9.8000,-3.395001929
9.8050,-3.405683328
9.8100,-3.415410218
9.8150,-3.424170715
9.8200,-3.431694015
9.8250,-3.438038226
9.8300,-3.443079094
9.8350,-3.446826243
9.8400,-3.449332222
9.8450,-3.450568306
9.8500,-3.450372594
9.8550,-3.448526584
9.8600,-3.444941569
9.8650,-3.439602905
9.8700,-3.432283659
9.8750,-3.423001708
9.8800,-3.411656215
9.8850,-3.398153179
9.8900,-3.382183257
9.8950,-3.363748939
9.9000,-3.342652274
9.9050,-3.318842409
9.9100,-3.292292726
9.9150,-3.263091441
9.9200,-3.23113136
9.9250,-3.196421651
9.9300,-3.158864386
9.9350,-3.118539677
9.9400,-3.075434801
9.9450,-3.029746177
9.9500,-2.981250132
9.9550,-2.930164956
9.9600,-2.87663082
9.9650,-2.820816485
9.9700,-2.762808759
9.9750,-2.702527847
9.9800,-2.639944627
9.9850,-2.575196789
9.9900,-2.508448443
9.9950,-2.439742742
10.0000,-2.368911772
10.0050,-2.296083995
10.0100,-2.221185443
10.0150,-2.144262913
10.0200,-2.0655098
10.0250,-1.984750432
10.0300,-1.902125244
10.0350,-1.817605776
10.0400,-1.731265117
10.0450,-1.643126116
10.0500,-1.553256102
10.0550,-1.461568305
10.0600,-1.367863287
10.0650,-1.272300601
10.0700,-1.174589289
10.0750,-1.074578991
10.0800,-0.9722047139
10.0850,-0.8674601643
10.0900,-0.760321119
10.0950,-0.6505928158
10.1000,-0.5382563791
10.1050,-0.4231850637
10.1100,-0.3052155652
10.1150,-0.1843331091
10.1200,-0.06062601932
10.1250,0.0658489183
10.1300,0.1952721733
10.1350,0.3277091507
10.1400,0.4632100314
10.1450,0.6019021859
10.1500,0.7438187003
10.1550,0.8889056632
10.1600,1.037165973
10.1650,1.188594946
10.1700,1.343090223
10.1750,1.500704283
10.1800,1.661404772
10.1850,1.825145798
10.1900,1.991826114
10.1950,2.161450984
10.2000,2.333808816
10.2050,2.508865328
10.2100,2.686454887
10.2150,2.866734237
10.2200,3.04931719
10.2250,3.234041636
10.2300,3.42076455
10.2350,3.609451308
10.2400,3.799905405
10.2450,3.992058467
10.2500,4.185494352
10.2550,4.380274487
10.2600,4.576148339
10.2650,4.773174003
10.2700,4.971213619
10.2750,5.170010919
10.2800,5.369626645
10.2850,5.569845113
10.2900,5.770535399
10.2950,5.971788317
10.3000,6.173214703
10.3050,6.374783602
10.3100,6.576586845
10.3150,6.778377622
10.3200,6.980164194
10.3250,7.18200429
10.3300,7.383848009
10.3350,7.585648783
10.3400,7.787593186
10.3450,7.989665332
10.3500,8.191871442
10.3550,8.394271737
10.3600,8.59686115
10.3650,8.799701687
10.3700,9.002784362
10.3750,9.20595074
10.3800,9.409392235
10.3850,9.613064439
10.3900,9.816825636
10.3950,10.02081428
10.4000,10.22498451
10.4050,10.42931032
10.4100,10.63355928
10.4150,10.83783656
10.4200,11.04209944
10.4250,11.24657721
10.4300,11.45094307
10.4350,11.65528446
10.4400,11.85953261
10.4450,12.0637609
10.4500,12.26768304
10.4550,12.4714106
10.4600,12.67489964
10.4650,12.87797791
10.4700,13.080655
10.4750,13.28300159
10.4800,13.48482123
10.4850,13.68627588
10.4900,13.88736283
10.4950,14.08804053
10.5000,14.28835031
10.5050,14.48828936
10.5100,14.68792499
10.5150,14.88710164
10.5200,15.08597408
10.5250,15.28449293
10.5300,15.48250201
10.5350,15.67995735
10.5400,15.87665755
10.5450,16.07267181
10.5500,16.26811411
10.5550,16.46275791
10.5600,16.65678887
10.5650,16.85017049
10.5700,17.04299056
10.5750,17.23515873
10.5800,17.42661893
10.5850,17.61725192
10.5900,17.80713628
10.5950,17.99625696
10.6000,18.18462933
10.6050,18.37244518
10.6100,18.55927953
10.6150,18.74554699
10.6200,18.93119331
10.6250,19.11615999
10.6300,19.30054569
10.6350,19.48410509
10.6400,19.66707527
10.6450,19.84929502
10.6500,20.0308546
10.6550,20.21181946
10.6600,20.39224877
10.6650,20.57215459
10.6700,20.75151983
10.6750,20.93027216
10.6800,21.10835206
10.6850,21.2857741
10.6900,21.46276908
10.6950,21.63896399
10.7000,21.81460471
10.7050,21.98964227
10.7100,22.16413443
10.7150,22.33801407
10.7200,22.5113686
10.7250,22.68421577
10.7300,22.85666953
10.7350,23.02877185
10.7400,23.20055571
10.7450,23.3720468
10.7500,23.54324579
10.7550,23.71400917
10.7600,23.88426538
10.7650,24.05412857
10.7700,24.22352154
10.7750,24.39226709
10.7800,24.56056912
10.7850,24.7285869
10.7900,24.89623668
10.7950,25.06357496
10.8000,25.23051045
10.8050,25.39694938
10.8100,25.56280373
10.8150,25.728052
10.8200,25.89261703
10.8250,26.05670616
10.8300,26.22032175
10.8350,26.38341679
10.8400,26.5459579
10.8450,26.70791524
10.8500,26.86925125
10.8550,27.03020579
10.8600,27.19082546
10.8650,27.35119566
10.8700,27.5110666
10.8750,27.67065959
10.8800,27.82968454
10.8850,27.98819313
10.8900,28.1461059
10.8950,28.30331939
10.9000,28.45984312
10.9050,28.61555919
10.9100,28.77057394
10.9150,28.92474604
10.9200,29.0780703
10.9250,29.23077469
10.9300,29.38258746
10.9350,29.53367155
10.9400,29.68336411
10.9450,29.83168838
10.9500,29.97837778
10.9550,30.12362362
10.9600,30.26701924
10.9650,30.40857133
10.9700,30.54813489
10.9750,30.68569186
10.9800,30.82109841
10.9850,30.95457435
10.9900,31.08597244
10.9950,31.21554186
11.0000,31.34310713
11.0050,31.46843517
11.0100,31.59127983
11.0150,31.71170252
11.0200,31.82936575
11.0250,31.94420348
11.0300,32.05622136
11.0350,32.1651553
11.0400,32.27120363
11.0450,32.37464761
11.0500,32.47569822
11.0550,32.57482597
11.0600,32.67209239
11.0650,32.76746215
11.0700,32.8608522
11.0750,32.95241917
11.0800,33.04205055
11.0850,33.12952487
11.0900,33.21469427
11.0950,33.29739106
11.1000,33.37781186
11.1050,33.45591498
11.1100,33.53161577
11.1150,33.60479673
11.1200,33.67529173
11.1250,33.74288431
11.1300,33.80757047
11.1350,33.86934763
11.1400,33.9283058
11.1450,33.98415485
11.1500,34.03653161
11.1550,34.08543482
11.1600,34.13071337
11.1650,34.1724752
11.1700,34.21132533
11.1750,34.24741294
11.1800,34.28105386
11.1850,34.31243821
11.1900,34.34188412
11.1950,34.36942204
11.2000,34.39496161
11.2050,34.41831075
11.2100,34.43948462
11.2150,34.45813783
11.2200,34.47401101
11.2250,34.48664732
11.2300,34.49622995
11.2350,34.50273587
11.2400,34.50639631
11.2450,34.50712725
11.2500,34.50527861
11.2550,34.50051382
11.2600,34.49293961
11.2650,34.48274948
11.2700,34.46989793
11.2750,34.45467843
11.2800,34.43736383
11.2850,34.41783945
11.2900,34.39629807
11.2950,34.37288764
11.3000,34.34786147
11.3050,34.32173756
11.3100,34.29481913
11.3150,34.26736124
11.3200,34.23948657
11.3250,34.2118771
11.3300,34.18465605
11.3350,34.15826078
11.3400,34.1326968
11.3450,34.10752563
11.3500,34.08232353
11.3550,34.05657355
11.3600,34.03008538
11.3650,34.00265219
11.3700,33.97439345
11.3750,33.94530743
11.3800,33.91543198
11.3850,33.88491591
11.3900,33.85404199
11.3950,33.82319276
11.4000,33.79195869
11.4050,33.75996397
11.4100,33.72688111
11.4150,33.69260448
11.4200,33.65695055
11.4250,33.61975769
11.4300,33.58073364
11.4350,33.53929985
11.4400,33.49504812
11.4450,33.44795343
11.4500,33.39817259
11.4550,33.34566546
11.4600,33.29032457
11.4650,33.23182299
11.4700,33.16999923
11.4750,33.10460962
11.4800,33.03580146
11.4850,32.96359534
11.4900,32.88780779
11.4950,32.80846401
11.5000,32.72586815
11.5050,32.64044323
11.5100,32.55260524
11.5150,32.46286819
11.5200,32.37187364
11.5250,32.2800854
11.5300,32.18780421
11.5350,32.09537251
11.5400,32.00316649
11.5450,31.91166603
11.5500,31.82083658
11.5550,31.73080412
11.5600,31.64189235
11.5650,31.55392238
11.5700,31.46691746
11.5750,31.38093976
11.5800,31.29607826
11.5850,31.21245347
11.5900,31.13028432
11.5950,31.04928547
11.6000,30.9696592
11.6050,30.89105706
11.6100,30.81342745
11.6150,30.73645489
11.6200,30.66014146
11.6250,30.58375847
11.6300,30.5069893
11.6350,30.42948302
11.6400,30.35094007
11.6450,30.27143206
11.6500,30.19108925
11.6550,30.11001022
11.6600,30.02836761
11.6650,29.94652761
11.6700,29.86429345
11.6750,29.78151544
11.6800,29.69814752
11.6850,29.61372169
11.6900,29.52781277
11.6950,29.43988005
11.7000,29.34990353
11.7050,29.2580964
11.7100,29.16438299
11.7150,29.0685751
11.7200,28.97072988
11.7250,28.87076194
11.7300,28.76871803
11.7350,28.66481016
11.7400,28.55902691
11.7450,28.45141237
11.7500,28.34177954
11.7550,28.23020476
11.7600,28.11690489
11.7650,28.00213792
11.7700,27.88561463
11.7750,27.76762422
11.7800,27.64801645
11.7850,27.52695163
11.7900,27.40477819
11.7950,27.28172428
11.8000,27.15748811
11.8050,27.03240558
11.8100,26.90656214
11.8150,26.78003068
11.8200,26.65270356
11.8250,26.52464421
11.8300,26.39616522
11.8350,26.26742295
11.8400,26.1383117
11.8450,26.00896452
11.8500,25.87953248
11.8550,25.75020538
11.8600,25.62107667
11.8650,25.49240087
11.8700,25.36441727
11.8750,25.23689028
11.8800,25.10971168
11.8850,24.98274268
11.8900,24.85578009
11.8950,24.72925209
11.9000,24.60311331
11.9050,24.47741102
11.9100,24.35240143
11.9150,24.22799017
11.9200,24.10438021
11.9250,23.98166069
11.9300,23.85973421
11.9350,23.73836782
11.9400,23.61745393
11.9450,23.49687836
11.9500,23.37681689
11.9550,23.25726516
11.9600,23.13829153
11.9650,23.01989571
11.9700,22.90233136
11.9750,22.78550333
11.9800,22.66970122
11.9850,22.55497442
11.9900,22.44119624
11.9950,22.32838812
12.0000,22.21647633
12.0050,22.1052495
12.0100,21.99500558
12.0150,21.8856988
12.0200,21.77695409
12.0250,21.66865729
12.0300,21.56060065
12.0350,21.45278042
12.0400,21.34555839
12.0450,21.23898972
12.0500,21.13309022
12.0550,21.0277294
12.0600,20.92269542
12.0650,20.81795103
12.0700,20.71378225
12.0750,20.61002292
12.0800,20.50654059
12.0850,20.4030783
12.0900,20.29938687
12.0950,20.19547681
12.1000,20.09176251
12.1050,19.98810271
12.1100,19.88458458
12.1150,19.78112891
12.1200,19.67775391
12.1250,19.57485303
12.1300,19.47194074
12.1350,19.36906336
12.1400,19.26613961
12.1450,19.16316187
12.1500,19.06007078
12.1550,18.95678099
12.1600,18.8534091
12.1650,18.74985716
12.1700,18.64625173
12.1750,18.54281497
12.1800,18.4396249
12.1850,18.33664444
12.1900,18.23416179
12.1950,18.13206649
12.2000,18.02990678
12.2050,17.9278045
12.2100,17.82550106
12.2150,17.723138
12.2200,17.62050449
12.2250,17.51756572
12.2300,17.41445346
12.2350,17.31129224
12.2400,17.20818
12.2450,17.1050054
12.2500,17.00187365
12.2550,16.89867811
12.2600,16.79551894
12.2650,16.69224383
12.2700,16.58881983
12.2750,16.48556255
12.2800,16.38201373
12.2850,16.27834936
12.2900,16.17485715
12.2950,16.07168272
12.3000,15.9688218
12.3050,15.86665758
12.3100,15.76494889
12.3150,15.66399462
12.3200,15.56387243
12.3250,15.46459023
12.3300,15.36626397
12.3350,15.26899409
12.3400,15.17281241
12.3450,15.07771202
12.3500,14.98376002
12.3550,14.89090107
12.3600,14.79949864
12.3650,14.70970528
12.3700,14.62163195
12.3750,14.53527161
12.3800,14.45068477
12.3850,14.36807755
12.3900,14.28762528
12.3950,14.20926111
12.4000,14.13337122
12.4050,14.05991805
12.4100,13.98869145
12.4150,13.91976311
12.4200,13.85314888
12.4250,13.78861582
12.4300,13.72647255
12.4350,13.66657247
12.4400,13.60917856
12.4450,13.55398505
12.4500,13.50096046
12.4550,13.45027749
12.4600,13.40180305
12.4650,13.35556447
12.4700,13.31147595
12.4750,13.26941828
12.4800,13.22942426
12.4850,13.19159589
12.4900,13.15567118
12.4950,13.12159564
12.5000,13.0895795
12.5050,13.05937565
12.5100,13.03083783
12.5150,13.00387847
12.5200,12.9783591
12.5250,12.9541492
12.5300,12.93108964
12.5350,12.90912154
12.5400,12.88796405
12.5450,12.86773447
12.5500,12.84815718
12.5550,12.82938513
12.5600,12.81120468
12.5650,12.79354255
12.5700,12.77650829
12.5750,12.75972262
12.5800,12.74339176
12.5850,12.72729736
12.5900,12.71141622
12.5950,12.69550635
12.6000,12.67965025
12.6050,12.66356147
12.6100,12.64754061
12.6150,12.63128967
12.6200,12.61488241
12.6250,12.59841973
12.6300,12.58210193
12.6350,12.56585362
12.6400,12.54965906
12.6450,12.53369841
12.6500,12.51814827
12.6550,12.50317968
12.6600,12.48852976
12.6650,12.47434597
12.6700,12.46052005
12.6750,12.44689709
12.6800,12.43386777
12.6850,12.42143378
12.6900,12.40952614
12.6950,12.39831125
12.7000,12.38759663
12.7050,12.37729089
12.7100,12.36751475
12.7150,12.35825535
12.7200,12.3495803
12.7250,12.3414309
12.7300,12.3336597
12.7350,12.32636997
12.7400,12.31927311
12.7450,12.31267649
12.7500,12.30649042
12.7550,12.3004851
12.7600,12.29474251
12.7650,12.28926834
12.7700,12.28400843
12.7750,12.27900493
12.7800,12.27453108
12.7850,12.2704847
12.7900,12.26701792
12.7950,12.26434391
12.8000,12.26242687
12.8050,12.26143265
12.8100,12.26178693
12.8150,12.26325712
12.8200,12.26603961
12.8250,12.27023792
12.8300,12.27587576
12.8350,12.28309659
12.8400,12.29193697
12.8450,12.30252222
12.8500,12.31500048
12.8550,12.32928594
12.8600,12.34544344
12.8650,12.3636516
12.8700,12.38377729
12.8750,12.40597613
12.8800,12.43032408
12.8850,12.45680721
12.8900,12.48516814
12.8950,12.51559697
12.9000,12.54806425
12.9050,12.58247007
12.9100,12.61869698
12.9150,12.65685758
12.9200,12.69695569
12.9250,12.73895036
12.9300,12.78271767
12.9350,12.82819246
12.9400,12.87546109
12.9450,12.92456616
12.9500,12.9752747
12.9550,13.02754399
12.9600,13.08144826
12.9650,13.13679301
12.9700,13.19348941
12.9750,13.25184636
12.9800,13.31153638
12.9850,13.37241041
12.9900,13.43466093
12.9950,13.49811737
13.0000,13.56266346
13.0050,13.62836109
13.0100,13.69505189
13.0150,13.76270551
13.0200,13.83116184
13.0250,13.9003653
13.0300,13.97035669
13.0350,14.04098414
13.0400,14.1122988
13.0450,14.18389843
13.0500,14.25587363
13.0550,14.32832809
13.0600,14.40116301
13.0650,14.47432719
13.0700,14.54783522
13.0750,14.62150505
13.0800,14.69526887
13.0850,14.76935822
13.0900,14.84364099
13.0950,14.91802902
13.1000,14.99239633
13.1050,15.06701065
13.1100,15.14171705
13.1150,15.21667837
13.1200,15.29202552
13.1250,15.36756903
13.1300,15.4435985
13.1350,15.52001685
13.1400,15.59718143
13.1450,15.67493713
13.1500,15.75335589
13.1550,15.8325335
13.1600,15.91261339
13.1650,15.99370904
13.1700,16.07575937
13.1750,16.15866868
13.1800,16.24248215
13.1850,16.32719971
13.1900,16.41305864
13.1950,16.49989719
13.2000,16.58798287
13.2050,16.67736903
13.2100,16.76819787
13.2150,16.86038147
13.2200,16.95404104
13.2250,17.04921253
13.2300,17.14581703
13.2350,17.24402889
13.2400,17.3438608
13.2450,17.44523699
13.2500,17.54818934
13.2550,17.65288681
13.2600,17.7593733
13.2650,17.86778521
13.2700,17.97801247
13.2750,18.09021985
13.2800,18.20439441
13.2850,18.32059395
13.2900,18.43892244
13.2950,18.55915405
13.3000,18.68133684
13.3050,18.80545349
13.3100,18.9312978
13.3150,19.05890839
13.3200,19.18810332
13.3250,19.31876498
13.3300,19.45090178
13.3350,19.584403
13.3400,19.71934404
13.3450,19.8558029
13.3500,19.99359298
13.3550,20.13261406
13.3600,20.27285713
13.3650,20.41426386
13.3700,20.55663788
13.3750,20.69998186
13.3800,20.84425033
13.3850,20.98928993
13.3900,21.13516144
13.3950,21.28157996
13.4000,21.42874179
13.4050,21.57655568
13.4100,21.72484788
13.4150,21.87387994
13.4200,22.0233477
13.4250,22.17341368
13.4300,22.32377566
13.4350,22.47459804
13.4400,22.62560342
13.4450,22.77696924
13.4500,22.92855072
13.4550,23.08030336
13.4600,23.23208392
13.4650,23.38380535
13.4700,23.53537841
13.4750,23.68690756
13.4800,23.83848556
13.4850,23.99017955
13.4900,24.14207432
13.4950,24.29433093
13.5000,24.44671637
13.5050,24.59945859
13.5100,24.75245871
13.5150,24.90594596
13.5200,25.06005257
13.5250,25.21474663
13.5300,25.36985873
13.5350,25.52525596
13.5400,25.68074027
13.5450,25.83647478
13.5500,25.99236858
13.5550,26.14863521
13.5600,26.30533814
13.5650,26.46270635
13.5700,26.62096782
13.5750,26.78037985
13.5800,26.94104323
13.5850,27.10295578
13.5900,27.26616303
13.5950,27.43100828
13.6000,27.59776841
13.6050,27.76640983
13.6100,27.93721237
13.6150,28.10999318
13.6200,28.28469787
13.6250,28.46155652
13.6300,28.63996958
13.6350,28.81995922
13.6400,29.00109926
13.6450,29.18334767
13.6500,29.36679722
13.6550,29.55102503
13.6600,29.73575363
13.6650,29.92066724
13.6700,30.10560753
13.6750,30.29034064
13.6800,30.47437532
13.6850,30.65755869
13.6900,30.83976739
13.6950,31.02088693
13.7000,31.20062413
13.7050,31.37886145
13.7100,31.55559104
13.7150,31.73058296
13.7200,31.90409778
13.7250,32.0761722
13.7300,32.24688395
13.7350,32.41618388
13.7400,32.58369351
13.7450,32.75013619
13.7500,32.91519699
13.7550,33.07878522
13.7600,33.24123262
13.7650,33.40258137
13.7700,33.56272944
13.7750,33.72165302
13.7800,33.87938407
13.7850,34.03578281
13.7900,34.19073807
13.7950,34.34407386
13.8000,34.49561521
13.8050,34.64508186
13.8100,34.79224052
13.8150,34.93661539
13.8200,35.07777184
13.8250,35.21539702
13.8300,35.3494593
13.8350,35.48031572
13.8400,35.60830231
13.8450,35.73313749
13.8500,35.85512367
13.8550,35.97379202
13.8600,36.08935095
13.8650,36.20165325
13.8700,36.31084297
13.8750,36.41662316
13.8800,36.51903213
13.8850,36.61814234
13.8900,36.71354149
13.8950,36.80518792
13.9000,36.89270077
13.9050,36.97600013
13.9100,37.05488152
13.9150,37.12952361
13.9200,37.20008358
13.9250,37.26637904
13.9300,37.32861979
13.9350,37.38666743
13.9400,37.4406405
13.9450,37.49059732
13.9500,37.53637223
13.9550,37.57807326
13.9600,37.61555355
13.9650,37.64860409
13.9700,37.67714264
13.9750,37.70134168
13.9800,37.72151733
13.9850,37.73805483
13.9900,37.75113337
13.9950,37.76129542
14.0000,37.76919907
14.0050,37.77556544
14.0100,37.78102884
14.0150,37.78604524
14.0200,37.79103744
14.0250,37.79626798
14.0300,37.80199776
14.0350,37.80838358
14.0400,37.8158133
14.0450,37.82358426
14.0500,37.83230705
14.0550,37.84236195
14.0600,37.85390301
14.0650,37.86690641
14.0700,37.88159614
14.0750,37.8979366
14.0800,37.91561723
14.0850,37.93415724
14.0900,37.95292802
14.0950,37.971548
14.1000,37.98945362
14.1050,38.00627054
14.1100,38.02161398
14.1150,38.0353212
14.1200,38.04743759
14.1250,38.05814854
14.1300,38.06742196
14.1350,38.07513587
14.1400,38.08050377
14.1450,38.08334195
14.1500,38.08302728
14.1550,38.07948119
14.1600,38.0720447
14.1650,38.06050732
14.1700,38.04434464
14.1750,38.02337056
14.1800,37.99760302
14.1850,37.96755604
14.1900,37.93363065
14.1950,37.89639418
14.2000,37.85596064
14.2050,37.81252229
14.2100,37.76631977
14.2150,37.71736255
14.2200,37.66587299
14.2250,37.61166099
14.2300,37.55485965
14.2350,37.4954306
14.2400,37.43354874
14.2450,37.36902081
14.2500,37.30202584
14.2550,37.23251037
14.2600,37.16078142
14.2650,37.08730188
14.2700,37.01233087
14.2750,36.93611057
14.2800,36.85886097
14.2850,36.78049593
14.2900,36.7013479
14.2950,36.62156444
14.3000,36.54131737
14.3050,36.46058917
14.3100,36.37922461
14.3150,36.29755236
14.3200,36.21548835
14.3250,36.13318637
14.3300,36.0507759
14.3350,35.96785589
14.3400,35.88444042
14.3450,35.8003923
14.3500,35.71538791
14.3550,35.62901916
14.3600,35.54074938
14.3650,35.45021581
14.3700,35.35732642
14.3750,35.26181248
14.3800,35.16348176
14.3850,35.06233646
14.3900,34.95842196
14.3950,34.85185495
14.4000,34.7426752
14.4050,34.63103757
14.4100,34.51666103
14.4150,34.39958164
14.4200,34.27957618
14.4250,34.15644546
14.4300,34.02999853
14.4350,33.90011868
14.4400,33.76712575
14.4450,33.6309079
14.4500,33.49211228
14.4550,33.35102947
14.4600,33.20768758
14.4650,33.06211514
14.4700,32.91436626
14.4750,32.76454414
14.4800,32.61264075
14.4850,32.45840686
14.4900,32.30167285
14.4950,32.14208928
14.5000,31.97982117
14.5050,31.81502869
14.5100,31.6477728
14.5150,31.47788655
14.5200,31.30533064
14.5250,31.13024291
14.5300,30.95295927
14.5350,30.77384004
14.5400,30.59272294
14.5450,30.40992549
14.5500,30.22547687
14.5550,30.03961144
14.5600,29.85255772
14.5650,29.66436553
14.5700,29.47530483
14.5750,29.28544702
14.5800,29.09488505
14.5850,28.90363906
14.5900,28.71187641
14.5950,28.51941548
14.6000,28.32626965
14.6050,28.13244768
14.6100,27.9379955
14.6150,27.74274832
14.6200,27.54671651
14.6250,27.34969097
14.6300,27.15170866
14.6350,26.95305916
14.6400,26.75387633
14.6450,26.55430003
14.6500,26.35433939
14.6550,26.15406939
14.6600,25.95352066
14.6650,25.75298479
14.6700,25.55235708
14.6750,25.35162176
14.6800,25.15055137
14.6850,24.94917874
14.6900,24.74727524
14.6950,24.54481504
14.7000,24.34194753
14.7050,24.13853213
14.7100,23.93477958
14.7150,23.73067828
14.7200,23.5264328
14.7250,23.32198036
14.7300,23.11764128
14.7350,22.91321069
14.7400,22.70863391
14.7450,22.5041783
14.7500,22.29980326
14.7550,22.09541705
14.7600,21.89141011
14.7650,21.68798684
14.7700,21.48541686
14.7750,21.28361992
14.7800,21.08271607
14.7850,20.88288623
14.7900,20.68413737
14.7950,20.48679131
14.8000,20.29083592
14.8050,20.09632145
14.8100,19.90351026
14.8150,19.7124893
14.8200,19.52324231
14.8250,19.33585711
14.8300,19.15006279
14.8350,18.965772
14.8400,18.78310833
14.8450,18.60185817
14.8500,18.42180779
14.8550,18.2429794
14.8600,18.06511083
14.8650,17.88819679
14.8700,17.71214432
14.8750,17.53677477
14.8800,17.36226729
14.8850,17.18878523
14.8900,17.0163165
14.8950,16.84498019
14.9000,16.67485227
14.9050,16.50604445
14.9100,16.33850843
14.9150,16.17218937
14.9200,16.00721105
14.9250,15.84361389
14.9300,15.68118111
14.9350,15.51987969
14.9400,15.35977211
14.9450,15.20073897
14.9500,15.04264485
14.9550,14.88527985
14.9600,14.72864516
14.9650,14.57234686
14.9700,14.41655122
14.9750,14.26118938
14.9800,14.1063844
14.9850,13.95216182
14.9900,13.79855798
14.9950,13.64544471
15.0000,13.49241999
15.0050,13.33948133
15.0100,13.18656393
15.0150,13.03348256
15.0200,12.8799968
15.0250,12.72630123
15.0300,12.57203304
15.0350,12.41728585
15.0400,12.26215388
15.0450,12.10635648
15.0500,11.94971714
15.0550,11.79233872
15.0600,11.63388138
15.0650,11.47432156
15.0700,11.3132223
15.0750,11.15085772
15.0800,10.98700789
15.0850,10.82161092
15.0900,10.65472398
15.0950,10.48607811
15.1000,10.31580618
15.1050,10.1439661
15.1100,9.970573822
15.1150,9.795668387
15.1200,9.619236707
15.1250,9.441420203
15.1300,9.262349159
15.1350,9.081875382
15.1400,8.900143273
15.1450,8.717530779
15.1500,8.533995574
15.1550,8.349755249
15.1600,8.165105457
15.1650,7.980186184
15.1700,7.795044094
15.1750,7.609928027
15.1800,7.42498512
15.1850,7.240137963
15.1900,7.055533285
15.1950,6.871252044
15.2000,6.687495776
15.2050,6.504093385
15.2100,6.321155577
15.2150,6.138964748
15.2200,5.957715981
15.2250,5.777363942
15.2300,5.598275917
15.2350,5.420569002
15.2400,5.244304406
15.2450,5.069515458
15.2500,4.896387866
15.2550,4.725135732
15.2600,4.555654218
15.2650,4.388184693
15.2700,4.222318191
15.2750,4.058321058
15.2800,3.895944932
15.2850,3.734985769
15.2900,3.575557414
15.2950,3.417480498
15.3000,3.260887284
15.3050,3.105687012
15.3100,2.951912295
15.3150,2.799657591
15.3200,2.648841818
15.3250,2.499351631
15.3300,2.35120997
15.3350,2.20422773
15.3400,2.058262444
15.3450,1.913421163
15.3500,1.769789114
15.3550,1.627151429
15.3600,1.485759227
15.3650,1.345476598
15.3700,1.206544215
15.3750,1.069046528
15.3800,0.9330032661
15.3850,0.7985152725
15.3900,0.6656569491
15.3950,0.5347046695
15.4000,0.4056207602
15.4050,0.2784453517
15.4100,0.1533587623
15.4150,0.03021366766
15.4200,-0.09085030442
15.4250,-0.210000627
15.4300,-0.3270987881
15.4350,-0.4421240431
15.4400,-0.5550665944
15.4450,-0.6660219282
15.4500,-0.7747179058
15.4550,-0.8811789471
15.4600,-0.9853505232
15.4650,-1.087220978
15.4700,-1.186661092
15.4750,-1.283594
15.4800,-1.377899219
15.4850,-1.469404468
15.4900,-1.557944829
15.4950,-1.643429245
15.5000,-1.725633688
15.5050,-1.804500939
15.5100,-1.879838211
15.5150,-1.951608086
15.5200,-2.019912663
15.5250,-2.084518417
15.5300,-2.145526215
15.5350,-2.203118773
15.5400,-2.257272277
15.5450,-2.307954097
15.5500,-2.355242035
15.5550,-2.399337228
15.5600,-2.440270857
15.5650,-2.478199879
15.5700,-2.513150185
15.5750,-2.545492845
15.5800,-2.575366218
15.5850,-2.602914283
15.5900,-2.628482082
15.5950,-2.652306124
15.6000,-2.674664391
15.6050,-2.695617753
15.6100,-2.715306465
15.6150,-2.734171739
15.6200,-2.752196162
15.6250,-2.769445568
15.6300,-2.786091922
15.6350,-2.802000518
15.6400,-2.817207218
15.6450,-2.831919028
15.6500,-2.846173155
15.6550,-2.859955931
15.6600,-2.873528736
15.6650,-2.886820259
15.6700,-2.899711287
15.6750,-2.912314685
15.6800,-2.924545841
15.6850,-2.936277918
15.6900,-2.947455548
15.6950,-2.957795957
15.7000,-2.967383782
15.7050,-2.975912452
15.7100,-2.983730744
15.7150,-2.990417539
15.7200,-2.996197989
15.7250,-3.000852905
15.7300,-3.004410687
15.7350,-3.006729418
15.7400,-3.007901924
15.7450,-3.008010522
15.7500,-3.007006489
15.7550,-3.004854576
15.7600,-3.001550103
15.7650,-2.996807543
15.7700,-2.990546357
15.7750,-2.982735443
15.7800,-2.973435927
15.7850,-2.962321782
15.7900,-2.949303708
15.7950,-2.934179886
15.8000,-2.916927378
15.8050,-2.897039375
15.8100,-2.874410003
15.8150,-2.84875125
15.8200,-2.819745605
15.8250,-2.787269415
15.8300,-2.751024069
15.8350,-2.710809056
15.8400,-2.666501955
15.8450,-2.617871718
15.8500,-2.565059315
15.8550,-2.508026012
15.8600,-2.446856219
15.8650,-2.381492569
15.8700,-2.311796856
15.8750,-2.237798259
15.8800,-2.159088852
15.8850,-2.075480235
15.8900,-1.986755009
15.8950,-1.892750243
15.9000,-1.793322316
15.9050,-1.688404722
15.9100,-1.578196266
15.9150,-1.462318498
15.9200,-1.34077131
15.9250,-1.213815653
15.9300,-1.081117694
15.9350,-0.9430695582
15.9400,-0.7998704722
15.9450,-0.6513558038
15.9500,-0.4979580379
15.9550,-0.3399054865
15.9600,-0.1774098401
15.9650,-0.01090797423
15.9700,0.1591887746
15.9750,0.3321840122
15.9800,0.5078168279
15.9850,0.6855159162
15.9900,0.8650471883
15.9950,1.045480359
16.0000,1.226515371
16.0050,1.407591672
16.0100,1.588389104
16.0150,1.768573017
16.0200,1.947949525
16.0250,2.126150451
16.0300,2.302955222
16.0350,2.478204137
16.0400,2.651873597
16.0450,2.823884109
16.0500,2.994258799
16.0550,3.163121956
16.0600,3.330655605
16.0650,3.496743536
16.0700,3.661562502
16.0750,3.825448726
16.0800,3.988508125
16.0850,4.150744435
16.0900,4.312331227
16.0950,4.473398224
16.1000,4.634222878
16.1050,4.794688421
16.1100,4.955185124
16.1150,5.115712817
16.1200,5.276387169
16.1250,5.437491254
16.1300,5.599032694
16.1350,5.761181843
16.1400,5.923894748
16.1450,6.087342898
16.1500,6.251677447
16.1550,6.416940086
16.1600,6.583374752
16.1650,6.750900992
16.1700,6.919583943
16.1750,7.089510981
16.1800,7.260365603
16.1850,7.431926213
16.1900,7.604258209
16.1950,7.777307163
16.2000,7.951048601
16.2050,8.125263349
16.2100,8.300234247
16.2150,8.47574967
16.2200,8.651750249
16.2250,8.828467562
16.2300,9.00569741
16.2350,9.183454605
16.2400,9.361730149
16.2450,9.540358167
16.2500,9.719413927
16.2550,9.898746983
16.2600,10.07827126
16.2650,10.2581415
16.2700,10.4382104
16.2750,10.61884849
16.2800,10.79979453
16.2850,10.98121104
16.2900,11.16291535
16.2950,11.3452415
16.3000,11.52819017
16.3050,11.71157712
16.3100,11.89561893
16.3150,12.08008369
16.3200,12.26502085
16.3250,12.45048661
16.3300,12.63670179
16.3350,12.82372428
16.3400,13.01141787
16.3450,13.2000462
16.3500,13.389429
16.3550,13.57948424
16.3600,13.77010213
16.3650,13.96121803
16.3700,14.15270513
16.3750,14.34444407
16.3800,14.53643841
16.3850,14.72892244
16.3900,14.92159606
16.3950,15.11467115
16.4000,15.30804242
16.4050,15.5017758
16.4100,15.69573391
16.4150,15.89003305
16.4200,16.08459699
16.4250,16.27938448
16.4300,16.47422856
16.4350,16.66932572
16.4400,16.86468411
16.4450,17.06011334
16.4500,17.25564583
16.4550,17.45136204
16.4600,17.64726205
16.4650,17.84315581
16.4700,18.03911368
16.4750,18.23508014
16.4800,18.4310225
16.4850,18.62707993
16.4900,18.82288718
16.4950,19.01868406
16.5000,19.21430101
16.5050,19.40995657
16.5100,19.60562055
16.5150,19.80126074
16.5200,19.99682714
16.5250,20.19238632
16.5300,20.38783222
16.5350,20.58314494
16.5400,20.77820269
16.5450,20.97304743
16.5500,21.16757867
16.5550,21.36189905
16.5600,21.55596902
16.5650,21.74959842
16.5700,21.94274888
16.5750,22.13525503
16.5800,22.32694643
16.5850,22.51786922
16.5900,22.70786886
16.5950,22.89687302
16.6000,23.0848114
16.6050,23.2718886
16.6100,23.45818231
16.6150,23.64389798
16.6200,23.8288998
16.6250,24.01357453
16.6300,24.1974415
16.6350,24.38053225
16.6400,24.5627552
16.6450,24.74404407
16.6500,24.92441135
16.6550,25.10351004
16.6600,25.28139961
16.6650,25.45794079
16.6700,25.63297949
16.6750,25.80618556
16.6800,25.97768365
16.6850,26.14715628
16.6900,26.31476069
16.6950,26.48033127
16.7000,26.64380402
16.7050,26.80544694
16.7100,26.96521961
16.7150,27.12309522
16.7200,27.27930787
16.7250,27.43378042
16.7300,27.58662316
16.7350,27.73784114
16.7400,27.8876326
16.7450,28.0360973
16.7500,28.18303491
16.7550,28.32835751
16.7600,28.47190361
16.7650,28.61395331
16.7700,28.75440106
16.7750,28.89320291
16.7800,29.03050176
16.7850,29.16631996
16.7900,29.30084703
16.7950,29.43390674
16.8000,29.56536244
16.8050,29.69503982
16.8100,29.82276403
16.8150,29.9484781
16.8200,30.07216611
16.8250,30.1934131
16.8300,30.31230474
16.8350,30.42900072
16.8400,30.54369059
16.8450,30.65653843
16.8500,30.76767374
16.8550,30.87752143
16.8600,30.98654979
16.8650,31.09492768
16.8700,31.20294068
16.8750,31.31050693
16.8800,31.41777591
16.8850,31.52455518
16.8900,31.63104598
16.8950,31.73720972
16.9000,31.84329978
16.9050,31.94902676
16.9100,32.05420926
16.9150,32.15877458
16.9200,32.26248046
16.9250,32.36471785
16.9300,32.46530943
16.9350,32.5642091
16.9400,32.66141279
16.9450,32.75634716
16.9500,32.8485158
16.9550,32.93760802
16.9600,33.02312739
16.9650,33.10510152
16.9700,33.1837314
16.9750,33.25916472
16.9800,33.33137846
16.9850,33.40035486
16.9900,33.46601346
16.9950,33.52833145
17.0000,33.58740887
17.0050,33.64323734
17.0100,33.69570226
17.0150,33.74459172
17.0200,33.78951629
17.0250,33.83046865
17.0300,33.86744145
17.0350,33.90069826
17.0400,33.93026222
17.0450,33.95586221
17.0500,33.97765406
17.0550,33.99580955
17.0600,34.01046646
17.0650,34.02171064
17.0700,34.02948729
17.0750,34.03380659
17.0800,34.03438524
17.0850,34.03105382
17.0900,34.02385743
17.0950,34.01281209
17.1000,33.99826056
17.1050,33.98057413
17.1100,33.95999057
17.1150,33.93696899
17.1200,33.91217309
17.1250,33.88631523
17.1300,33.8596886
17.1350,33.83271837
17.1400,33.80544501
17.1450,33.77770862
17.1500,33.74953255
17.1550,33.72039119
17.1600,33.68983838
17.1650,33.65776527
17.1700,33.62403381
17.1750,33.58867869
17.1800,33.55186026
17.1850,33.51374636
17.1900,33.4744001
17.1950,33.43371113
17.2000,33.39150258
17.2050,33.34773881
17.2100,33.30239885
17.2150,33.2553977
17.2200,33.20715745
17.2250,33.15769163
17.2300,33.10696621
17.2350,33.05491179
17.2400,33.00139738
17.2450,32.94653316
17.2500,32.89052885
17.2550,32.83359382
17.2600,32.77588315
17.2650,32.71734581
17.2700,32.65775162
17.2750,32.5968628
17.2800,32.53473143
17.2850,32.47148878
17.2900,32.40719071
17.2950,32.34224738
17.3000,32.27649806
17.3050,32.20994998
17.3100,32.14293303
17.3150,32.07569824
17.3200,32.00841108
17.3250,31.94060986
17.3300,31.87206796
17.3350,31.80238078
17.3400,31.73158755
17.3450,31.65997369
17.3500,31.58767945
17.3550,31.5146969
17.3600,31.44132779
17.3650,31.36751436
17.3700,31.29344735
17.3750,31.21905779
17.3800,31.14464377
17.3850,31.07032452
17.3900,30.99595257
17.3950,30.92175095
17.4000,30.84759404
17.4050,30.77317828
17.4100,30.69819633
17.4150,30.6227009
17.4200,30.54637349
17.4250,30.46907082
17.4300,30.39074751
17.4350,30.3111053
17.4400,30.23022753
17.4450,30.1479309
17.4500,30.06419385
17.4550,29.97901176
17.4600,29.89218106
17.4650,29.80352558
17.4700,29.71306761
17.4750,29.62088006
17.4800,29.52654471
17.4850,29.42988403
17.4900,29.33098867
17.4950,29.23001369
17.5000,29.12720367
17.5050,29.02274369
17.5100,28.91678073
17.5150,28.80911987
17.5200,28.69955568
17.5250,28.5881957
17.5300,28.47531676
17.5350,28.36057475
17.5400,28.24389361
17.5450,28.12529853
17.5500,28.00491716
17.5550,27.88316739
17.5600,27.76043052
17.5650,27.63679909
17.5700,27.51264328
17.5750,27.38819816
17.5800,27.2635024
17.5850,27.13871739
17.5900,27.01404506
17.5950,26.88927537
17.6000,26.76469034
17.6050,26.64015506
17.6100,26.51541806
17.6150,26.39060583
17.6200,26.26577642
17.6250,26.14144978
17.6300,26.01811056
17.6350,25.89587729
17.6400,25.77477039
17.6450,25.65483564
17.6500,25.53643086
17.6550,25.41958967
17.6600,25.30485548
17.6650,25.19137737
17.6700,25.07922704
17.6750,24.96890001
17.6800,24.86029789
17.6850,24.7535224
17.6900,24.64836834
17.6950,24.54464851
17.7000,24.44251743
17.7050,24.34195208
17.7100,24.24312248
17.7150,24.14597365
17.7200,24.05039411
17.7250,23.95625384
17.7300,23.86313979
17.7350,23.77113626
17.7400,23.67999346
17.7450,23.58948604
17.7500,23.49923514
17.7550,23.40907266
17.7600,23.31906459
17.7650,23.228955
17.7700,23.1385086
17.7750,23.04754237
17.7800,22.95651701
17.7850,22.86563823
17.7900,22.77450007
17.7950,22.68324177
17.8000,22.5917235
17.8050,22.50009898
17.8100,22.40814166
17.8150,22.31599958
17.8200,22.22363974
17.8250,22.1309523
17.8300,22.03781329
17.8350,21.94427778
17.8400,21.85036303
17.8450,21.75624742
17.8500,21.66174719
17.8550,21.56675047
17.8600,21.47098366
17.8650,21.37466372
17.8700,21.27729625
17.8750,21.17895842
17.8800,21.0795768
17.8850,20.97880677
17.8900,20.87656215
17.8950,20.77292338
17.9000,20.66781037
17.9050,20.56105225
17.9100,20.45276063
17.9150,20.34297428
17.9200,20.23183427
17.9250,20.11956018
17.9300,20.00602501
17.9350,19.89128935
17.9400,19.77544296
17.9450,19.65864151
17.9500,19.54062743
17.9550,19.42135103
17.9600,19.30029761
17.9650,19.17808082
17.9700,19.05459512
17.9750,18.92977731
17.9800,18.80361098
17.9850,18.67598261
17.9900,18.54736243
17.9950,18.41774053
18.0000,18.28709557
18.0050,18.15571529
18.0100,18.02381243
18.0150,17.89112157
18.0200,17.75782644
18.0250,17.62365825
18.0300,17.48876769
18.0350,17.35302618
18.0400,17.21645414
18.0450,17.07931498
18.0500,16.9415447
18.0550,16.80349295
18.0600,16.66527931
18.0650,16.52723581
18.0700,16.38950576
18.0750,16.25228469
18.0800,16.11533553
18.0850,15.97876615
18.0900,15.84304731
18.0950,15.70811834
18.1000,15.57399337
18.1050,15.4405501
18.1100,15.30801077
18.1150,15.17637206
18.1200,15.04595585
18.1250,14.91672108
18.1300,14.78868078
18.1350,14.66202012
18.1400,14.53673737
18.1450,14.41289235
18.1500,14.29054992
18.1550,14.16965673
18.1600,14.05026058
18.1650,13.93222875
18.1700,13.81583497
18.1750,13.70102668
18.1800,13.58792111
18.1850,13.47659443
18.1900,13.36729418
18.1950,13.26005512
18.2000,13.15471125
18.2050,13.0516021
18.2100,12.9508145
18.2150,12.85232796
18.2200,12.75617118
18.2250,12.66232624
18.2300,12.57084422
18.2350,12.4817049
18.2400,12.39498603
18.2450,12.31063857
18.2500,12.22879721
18.2550,12.14954808
18.2600,12.07270061
18.2650,11.99860297
18.2700,11.92694247
18.2750,11.85771772
18.2800,11.79106491
18.2850,11.72689425
18.2900,11.66503304
18.2950,11.60528322
18.3000,11.54770901
18.3050,11.49210379
18.3100,11.43803354
18.3150,11.38560524
18.3200,11.3345714
18.3250,11.2848222
18.3300,11.23649149
18.3350,11.18931466
18.3400,11.14336127
18.3450,11.09841997
18.3500,11.05460735
18.3550,11.01183917
18.3600,10.97019512
18.3650,10.92948126
18.3700,10.88970417
18.3750,10.85097104
18.3800,10.81338464
18.3850,10.77699802
18.3900,10.74160707
18.3950,10.70733912
18.4000,10.67440717
18.4050,10.64286528
18.4100,10.61270112
18.4150,10.58414799
18.4200,10.55696434
18.4250,10.53144459
18.4300,10.50760069
18.4350,10.48552249
18.4400,10.46528519
18.4450,10.44677439
18.4500,10.43016748
18.4550,10.41532538
18.4600,10.40227594
18.4650,10.39106322
18.4700,10.38170589
18.4750,10.37412386
18.4800,10.36810514
18.4850,10.36380932
18.4900,10.36095655
18.4950,10.35952785
18.5000,10.35972441
18.5050,10.3613321
18.5100,10.36435184
18.5150,10.36879545
18.5200,10.3744739
18.5250,10.38134659
18.5300,10.38941388
18.5350,10.39873812
18.5400,10.4090865
18.5450,10.4206482
18.5500,10.43323493
18.5550,10.44706653
18.5600,10.46210966
18.5650,10.47839494
18.5700,10.49614899
18.5750,10.51525642
18.5800,10.53565077
18.5850,10.55739369
18.5900,10.58047931
18.5950,10.60512523
18.6000,10.63120411
18.6050,10.65860431
18.6100,10.6876011
18.6150,10.71799658
18.6200,10.74980177
18.6250,10.7830999
18.6300,10.81785385
18.6350,10.85405315
18.6400,10.89175398
18.6450,10.93081679
18.6500,10.97136554
18.6550,11.01319753
18.6600,11.05619128
18.6650,11.10048078
18.6700,11.14592161
18.6750,11.19241409
18.6800,11.24013102
18.6850,11.28871329
18.6900,11.33848788
18.6950,11.38930434
18.7000,11.44113131
18.7050,11.49383681
18.7100,11.54743711
18.7150,11.60185794
18.7200,11.65713552
18.7250,11.71333539
18.7300,11.77039714
18.7350,11.82835511
18.7400,11.88733027
18.7450,11.94731303
18.7500,12.00821988
18.7550,12.07034702
18.7600,12.13364713
18.7650,12.19822511
18.7700,12.26402354
18.7750,12.33121237
18.7800,12.39987508
18.7850,12.47004369
18.7900,12.54173097
18.7950,12.61498299
18.8000,12.68969265
18.8050,12.76591056
18.8100,12.84361293
18.8150,12.92269597
18.8200,13.00319468
18.8250,13.08502905
18.8300,13.16829119
18.8350,13.25288143
18.8400,13.33893129
18.8450,13.42613728
18.8500,13.51466886
18.8550,13.60444874
18.8600,13.69550083
18.8650,13.78786448
18.8700,13.88165474
18.8750,13.97687549
18.8800,14.07361885
18.8850,14.17192863
18.8900,14.27174092
18.8950,14.37304174
18.9000,14.47585014
18.9050,14.5801711
18.9100,14.68587705
18.9150,14.79293414
18.9200,14.9013933
18.9250,15.01114644
18.9300,15.12217321
18.9350,15.2345696
18.9400,15.34824745
18.9450,15.46331785
18.9500,15.57955698
18.9550,15.69689624
18.9600,15.8152397
18.9650,15.93449179
18.9700,16.05490066
18.9750,16.17635319
18.9800,16.29871919
18.9850,16.4222432
18.9900,16.54688277
18.9950,16.67270326
19.0000,16.79973077
19.0050,16.92802907
19.0100,17.05776597
19.0150,17.18890829
19.0200,17.32152344
19.0250,17.45529013
19.0300,17.59047614
19.0350,17.72685993
19.0400,17.86431222
19.0450,18.00301865
19.0500,18.14298015
19.0550,18.28406595
19.0600,18.42622956
19.0650,18.56945996
19.0700,18.71384158
19.0750,18.85934283
19.0800,19.00582648
19.0850,19.15326691
19.0900,19.3017687
19.0950,19.45112182
19.1000,19.60149291
19.1050,19.75283533
19.1100,19.90508564
19.1150,20.0581624
19.1200,20.21183686
19.1250,20.36616813
19.1300,20.521154
19.1350,20.67670709
19.1400,20.83253112
19.1450,20.98858919
19.1500,21.14470479
19.1550,21.30079508
19.1600,21.45692404
19.1650,21.61283222
19.1700,21.768507
19.1750,21.92397283
19.1800,22.0789335
19.1850,22.23345603
19.1900,22.38749685
19.1950,22.54081625
19.2000,22.69346981
19.2050,22.84547225
19.2100,22.99679327
19.2150,23.14754633
19.2200,23.29751771
19.2250,23.44673551
19.2300,23.59529072
19.2350,23.74322876
19.2400,23.8906367
19.2450,24.03730988
19.2500,24.18357218
19.2550,24.32927713
19.2600,24.47468473
19.2650,24.61976908
19.2700,24.76441583
19.2750,24.90878668
19.2800,25.05283337
19.2850,25.19664709
19.2900,25.34006116
19.2950,25.48324199
19.3000,25.62617793
19.3050,25.76902275
19.3100,25.91188203
19.3150,26.05498276
19.3200,26.19814949
19.3250,26.34133431
19.3300,26.48457412
19.3350,26.62792563
19.3400,26.77163821
19.3450,26.91551189
19.3500,27.0596209
19.3550,27.20419877
19.3600,27.34930122
19.3650,27.49488308
19.3700,27.64097937
19.3750,27.78762382
19.3800,27.93475871
19.3850,28.08265093
19.3900,28.23111913
19.3950,28.38020423
19.4000,28.52983319
19.4050,28.67996094
19.4100,28.83071004
19.4150,28.98205836
19.4200,29.13416139
19.4250,29.28679026
19.4300,29.43971696
19.4350,29.5929184
19.4400,29.74639801
19.4450,29.89970004
19.4500,30.05267246
19.4550,30.20496692
19.4600,30.35635205
19.4650,30.50658014
19.4700,30.65509534
19.4750,30.80174881
19.4800,30.9465222
19.4850,31.08931302
19.4900,31.23027205
19.4950,31.36938209
19.5000,31.50649663
19.5050,31.64169608
19.5100,31.77513592
19.5150,31.90695711
19.5200,32.03739698
19.5250,32.16648579
19.5300,32.29429652
19.5350,32.42068215
19.5400,32.54628537
19.5450,32.67127458
19.5500,32.79545149
19.5550,32.91915152
19.5600,33.04260959
19.5650,33.16568964
19.5700,33.28839134
19.5750,33.41077777
19.5800,33.5331277
19.5850,33.65548355
19.5900,33.77790774
19.5950,33.90036988
19.6000,34.02306864
19.6050,34.14620182
19.6100,34.26953872
19.6150,34.39307331
19.6200,34.51672052
19.6250,34.64084429
19.6300,34.76501571
19.6350,34.88901744
19.6400,35.01261013
19.6450,35.13569036
19.6500,35.25822244
19.6550,35.37980052
19.6600,35.50021651
19.6650,35.61955377
19.6700,35.73787212
19.6750,35.85537333
19.6800,35.97227497
19.6850,36.08830637
19.6900,36.20356799
19.6950,36.31802749
19.7000,36.43159877
19.7050,36.54439077
19.7100,36.65594202
19.7150,36.76607611
19.7200,36.87448278
19.7250,36.98118458
19.7300,37.086227
19.7350,37.18960839
19.7400,37.29134595
19.7450,37.39174759
19.7500,37.49073147
19.7550,37.58837594
19.7600,37.68456168
19.7650,37.77882611
19.7700,37.87133672
19.7750,37.9618353
19.7800,38.05033541
19.7850,38.1366058
19.7900,38.22040602
19.7950,38.30191988
19.8000,38.38093799
19.8050,38.45771741
19.8100,38.53213061
19.8150,38.60449165
19.8200,38.67474621
19.8250,38.74305032
19.8300,38.8093919
19.8350,38.87408536
19.8400,38.93655141
19.8450,38.99697414
19.8500,39.05544473
19.8550,39.11195116
19.8600,39.16623832
19.8650,39.21858359
19.8700,39.26906468
19.8750,39.31751198
19.8800,39.36356051
19.8850,39.40702052
19.8900,39.44781165
19.8950,39.4856625
19.9000,39.52045883
19.9050,39.55192673
19.9100,39.58004588
19.9150,39.60472909
19.9200,39.62643812
19.9250,39.64505335
19.9300,39.66081035
19.9350,39.67403395
19.9400,39.68479663
19.9450,39.69347495
19.9500,39.70020907
19.9550,39.70542307
19.9600,39.70925109
19.9650,39.71178262
19.9700,39.71296513
19.9750,39.71286278
19.9800,39.71136724
19.9850,39.70871776
19.9900,39.70479586
19.9950,39.69965191
20.0000,39.69313664
20.0050,39.68517996
20.0100,39.67602388
20.0150,39.66583656
20.0200,39.65501569
20.0250,39.64355599
20.0300,39.63156717
20.0350,39.61922333
20.0400,39.60664641
20.0450,39.59363173
20.0500,39.58025283
20.0550,39.56632203
20.0600,39.55151776
20.0650,39.53626317
20.0700,39.52048755
20.0750,39.5039493
20.0800,39.48624041
20.0850,39.46732501
20.0900,39.44707964
20.0950,39.42564234
20.1000,39.40295975
20.1050,39.37864302
20.1100,39.35250007
20.1150,39.32403133
20.1200,39.29304192
20.1250,39.25932088
20.1300,39.22289781
20.1350,39.18363966
20.1400,39.14134474
20.1450,39.09587026
20.1500,39.04722423
20.1550,38.99524091
20.1600,38.94008149
20.1650,38.8819103
20.1700,38.82099743
20.1750,38.7576571
20.1800,38.69228237
20.1850,38.62507285
20.1900,38.5563965
20.1950,38.4865974
20.2000,38.41579462
20.2050,38.3439909
20.2100,38.27126645
20.2150,38.19741776
20.2200,38.12233217
20.2250,38.04592503
20.2300,37.96850026
20.2350,37.89023871
20.2400,37.81111699
20.2450,37.7311716
20.2500,37.65032719
20.2550,37.56861279
20.2600,37.48642358
20.2650,37.40388611
20.2700,37.32096021
20.2750,37.23751353
20.2800,37.15375247
20.2850,37.06946002
20.2900,36.98472823
20.2950,36.89944646
20.3000,36.8139991
20.3050,36.7282364
20.3100,36.64240848
20.3150,36.55663038
20.3200,36.47082351
20.3250,36.38523482
20.3300,36.29941006
20.3350,36.2130815
20.3400,36.12597531
20.3450,36.03818418
20.3500,35.94968855
20.3550,35.86046305
20.3600,35.77068299
20.3650,35.68040805
20.3700,35.58952811
20.3750,35.49821082
20.3800,35.40670956
20.3850,35.3148858
20.3900,35.22264182
20.3950,35.12951453
20.4000,35.03552888
20.4050,34.9403769
20.4100,34.84405972
20.4150,34.74641736
20.4200,34.6475787
20.4250,34.54740773
20.4300,34.44568958
20.4350,34.34236477
20.4400,34.2373824
20.4450,34.13080563
20.4500,34.02264714
20.4550,33.91266401
20.4600,33.80080375
20.4650,33.68672785
20.4700,33.57031839
20.4750,33.45131464
20.4800,33.32958271
20.4850,33.20508407
20.4900,33.07736691
20.4950,32.94639777
20.5000,32.81212767
20.5050,32.67463471
20.5100,32.53376498
20.5150,32.38990643
20.5200,32.2430626
20.5250,32.09330053
20.5300,31.9405394
20.5350,31.78437467
20.5400,31.62486971
20.5450,31.46203927
20.5500,31.29579006
20.5550,31.12603555
20.5600,30.952706
20.5650,30.7756405
20.5700,30.59524903
20.5750,30.41147678
20.5800,30.22457407
20.5850,30.03480667
20.5900,29.84257329
20.5950,29.64825441
20.6000,29.45193942
20.6050,29.25436053
20.6100,29.05550886
20.6150,28.85564022
20.6200,28.65501546
20.6250,28.45375487
20.6300,28.25243712
20.6350,28.05113512
20.6400,27.85024177
20.6450,27.65010691
20.6500,27.45083055
20.6550,27.25247704
20.6600,27.05500585
20.6650,26.85825114
20.6700,26.66236054
20.6750,26.46718221
20.6800,26.27240678
20.6850,26.07833889
20.6900,25.88466202
20.6950,25.69139409
20.7000,25.49844978
20.7050,25.30607403
20.7100,25.1142499
20.7150,24.92310752
20.7200,24.73253453
20.7250,24.54254841
20.7300,24.35309445
20.7350,24.16426595
20.7400,23.97618027
20.7450,23.78872475
20.7500,23.60174703
20.7550,23.41554807
20.7600,23.22982829
20.7650,23.04482538
20.7700,22.86045995
20.7750,22.67661986
20.7800,22.49347622
20.7850,22.31090835
20.7900,22.12913356
20.7950,21.94814964
20.8000,21.7678246
20.8050,21.58818386
20.8100,21.40923657
20.8150,21.23097758
20.8200,21.05316102
20.8250,20.87574361
20.8300,20.69866245
20.8350,20.52203122
20.8400,20.34582434
20.8450,20.17009846
20.8500,19.99513133
20.8550,19.82102869
20.8600,19.64776224
20.8650,19.4755084
20.8700,19.304156
20.8750,19.13397583
20.8800,18.96472709
20.8850,18.79649226
20.8900,18.62913738
20.8950,18.46246401
20.9000,18.29639198
20.9050,18.13053752
20.9100,17.96493992
20.9150,17.79956253
20.9200,17.63433391
20.9250,17.46945541
20.9300,17.30472337
20.9350,17.14024919
20.9400,16.97582424
20.9450,16.81156196
20.9500,16.64738588
20.9550,16.48332399
20.9600,16.3194398
20.9650,16.15576768
20.9700,15.99247265
20.9750,15.82976696
20.9800,15.66792001
20.9850,15.50678132
20.9900,15.34668655
20.9950,15.18765279
21.0000,15.02990704
21.0050,14.8733055
21.0100,14.71790012
21.0150,14.56359071
21.0200,14.41016459
21.0250,14.25755918
21.0300,14.1056295
21.0350,13.9543673
21.0400,13.80346524
21.0450,13.65279602
21.0500,13.50245521
21.0550,13.35204612
21.0600,13.20168704
21.0650,13.05111147
21.0700,12.90032989
21.0750,12.74925377
21.0800,12.59769817
21.0850,12.44568804
21.0900,12.29309806
21.0950,12.13986651
21.1000,11.98596481
21.1050,11.83143193
21.1100,11.67622444
21.1150,11.52012165
21.1200,11.36322504
21.1250,11.20553957
21.1300,11.04721372
21.1350,10.88822936
21.1400,10.72854723
21.1450,10.56811585
21.1500,10.40678825
21.1550,10.24458103
21.1600,10.08153811
21.1650,9.917553986
21.1700,9.752835764
21.1750,9.587221514
21.1800,9.420745208
21.1850,9.25339998
21.1900,9.085402872
21.1950,8.91685849
21.2000,8.747893438
21.2050,8.578637868
21.2100,8.409070375
21.2150,8.239185632
21.2200,8.068974592
21.2250,7.898277131
21.2300,7.727166272
21.2350,7.555553566
21.2400,7.383741772
21.2450,7.211509979
21.2500,7.03921361
21.2550,6.866870251
21.2600,6.694858606
21.2650,6.523149798
21.2700,6.351695613
21.2750,6.180657603
21.2800,6.009994591
21.2850,5.839871274
21.2900,5.670457317
21.2950,5.501985964
21.3000,5.334480767
21.3050,5.168280912
21.3100,5.003309769
21.3150,4.83989254
21.3200,4.678195509
21.3250,4.518340344
21.3300,4.360415552
21.3350,4.204487664
21.3400,4.050667537
21.3450,3.8990208
21.3500,3.7496101
21.3550,3.602604906
21.3600,3.457908699
21.3650,3.315673991
21.3700,3.176041269
21.3750,3.039095066
21.3800,2.904825974
21.3850,2.773266818
21.3900,2.644641651
21.3950,2.518804759
21.4000,2.395865161
21.4050,2.275719745
21.4100,2.158421556
21.4150,2.043815058
21.4200,1.931930067
21.4250,1.822653049
21.4300,1.715762413
21.4350,1.611010023
21.4400,1.50827617
21.4450,1.407311511
21.4500,1.308231947
21.4550,1.210736295
21.4600,1.114787434
21.4650,1.020221425
21.4700,0.9268813294
21.4750,0.8346984166
21.4800,0.7436799635
21.4850,0.6536852895
21.4900,0.5645193129
21.4950,0.4762557092
21.5000,0.3887777485
21.5050,0.3021232855
21.5100,0.2162983519
21.5150,0.1316211841
21.5200,0.04811702631
21.5250,-0.03413048484
21.5300,-0.1151066345
21.5350,-0.1944996868
21.5400,-0.2724808436
21.5450,-0.3489288161
21.5500,-0.4239370159
21.5550,-0.4974530984
21.5600,-0.5697030018
21.5650,-0.6406957901
21.5700,-0.7102905431
21.5750,-0.7786485541
21.5800,-0.8456046235
21.5850,-0.9111502947
21.5900,-0.9755182561
21.5950,-1.038593776
21.6000,-1.100226116
21.6050,-1.160439141
21.6100,-1.21899157
21.6150,-1.276146087
21.6200,-1.331616523
21.6250,-1.385522647
21.6300,-1.437704124
21.6350,-1.488388531
21.6400,-1.537390932
21.6450,-1.584700694
21.6500,-1.630450077
21.6550,-1.674454062
21.6600,-1.716679163
21.6650,-1.757200896
21.6700,-1.796214265
21.6750,-1.833678828
21.6800,-1.869513599
21.6850,-1.903955466
21.6900,-1.93703238
21.6950,-1.968738364
21.7000,-1.99928106
21.7050,-2.028813181
21.7100,-2.057380614
21.7150,-2.085149808
21.7200,-2.111926588
21.7250,-2.137840513
21.7300,-2.16295728
21.7350,-2.187050417
21.7400,-2.210223987
21.7450,-2.232256488
21.7500,-2.25336159
21.7550,-2.273496706
21.7600,-2.292754343
21.7650,-2.311101245
21.7700,-2.328679912
21.7750,-2.345541549
21.7800,-2.361780404
21.7850,-2.37746307
21.7900,-2.392474506
21.7950,-2.406731025
21.8000,-2.420239203
21.8050,-2.433016075
21.8100,-2.444932616
21.8150,-2.456201395
21.8200,-2.466608617
21.8250,-2.476205423
21.8300,-2.484708202
21.8350,-2.492157708
21.8400,-2.498624866
21.8450,-2.504038196
21.8500,-2.50836601
21.8550,-2.511714034
21.8600,-2.513999932
21.8650,-2.515093635
21.8700,-2.515102655
21.8750,-2.513773795
21.8800,-2.511059678
21.8850,-2.506846843
21.8900,-2.501011601
21.8950,-2.493497358
21.9000,-2.484292652
21.9050,-2.473489181
21.9100,-2.461141863
21.9150,-2.447106736
21.9200,-2.431454809
21.9250,-2.413945593
21.9300,-2.394759321
21.9350,-2.373614742
21.9400,-2.350448478
21.9450,-2.325253004
21.9500,-2.297827738
21.9550,-2.2681663
21.9600,-2.236207147
21.9650,-2.201539699
21.9700,-2.163818122
21.9750,-2.122969241
21.9800,-2.078689346
21.9850,-2.030497706
21.9900,-1.978312679
21.9950,-1.922075559
22.0000,-1.861559751
22.0050,-1.796619932
22.0100,-1.726975213
22.0150,-1.652372194
22.0200,-1.573064299
22.0250,-1.488831765
22.0300,-1.399728301
22.0350,-1.306044903
22.0400,-1.207751166
22.0450,-1.105057551
22.0500,-0.9981319899
22.0550,-0.8869677273
22.0600,-0.7717267311
22.0650,-0.6524598703
22.0700,-0.5291838101
22.0750,-0.4020636997
22.0800,-0.2710548723
22.0850,-0.1362016935
22.0900,0.002242155064
22.0950,0.1441099103
22.1000,0.2894806834
22.1050,0.4381207861
22.1100,0.5900080135
22.1150,0.7451791861
22.1200,0.9035095777
22.1250,1.064907216
22.1300,1.229351209
22.1350,1.39675607
22.1400,1.567232727
22.1450,1.740933625
22.1500,1.917749616
22.1550,2.097755524
22.1600,2.280930386
22.1650,2.46743426
22.1700,2.657133262
22.1750,2.849894039
22.1800,3.045414684
22.1850,3.243604223
22.1900,3.444516987
22.1950,3.647811959
22.2000,3.853351406
22.2050,4.061164411
22.2100,4.271125684
22.2150,4.48344937
22.2200,4.697883276
22.2250,4.914445851
22.2300,5.133144931
22.2350,5.353984614
22.2400,5.576782368
22.2450,5.80157907
22.2500,6.028493482
22.2550,6.257245345
22.2600,6.487930392
22.2650,6.720129188
22.2700,6.953503788
22.2750,7.18798975
22.2800,7.423181064
22.2850,7.658719777
22.2900,7.894401491
22.2950,8.130152179
22.3000,8.365718502
22.3050,8.60105672
22.3100,8.835900225
22.3150,9.069969996
22.3200,9.303358315
22.3250,9.535491548
22.3300,9.766274575
22.3350,9.995864906
22.3400,10.22396123
22.3450,10.45043103
22.3500,10.67531525
22.3550,10.89863684
22.3600,11.1203022
22.3650,11.34033986
22.3700,11.55869596
22.3750,11.77562507
22.3800,11.99088071
22.3850,12.2046462
22.3900,12.41712241
22.3950,12.62835712
22.4000,12.83822457
22.4050,13.04691979
22.4100,13.25462618
22.4150,13.46129714
22.4200,13.66691395
22.4250,13.87175367
22.4300,14.07563883
22.4350,14.27864999
22.4400,14.48078153
22.4450,14.68193527
22.4500,14.88220574
22.4550,15.08175608
22.4600,15.28045526
22.4650,15.4783522
22.4700,15.67546895
22.4750,15.87189755
22.4800,16.06775782
22.4850,16.26317405
22.4900,16.45818191
22.4950,16.65296978
22.5000,16.84769553
22.5050,17.04244173
22.5100,17.23717157
22.5150,17.43180293
22.5200,17.62655932
22.5250,17.82128156
22.5300,18.01601333
22.5350,18.21055558
22.5400,18.40479111
22.5450,18.59885166
22.5500,18.79249804
22.5550,18.98584836
22.5600,19.17862043
22.5650,19.37097401
22.5700,19.56289826
22.5750,19.75436807
22.5800,19.94548619
22.5850,20.13620047
22.5900,20.32642245
22.5950,20.51608203
22.6000,20.70525607
22.6050,20.89371153
22.6100,21.08139125
22.6150,21.26844682
22.6200,21.45462044
22.6250,21.64017976
22.6300,21.82513297
22.6350,22.00916743
22.6400,22.19256024
22.6450,22.37521315
22.6500,22.55710561
22.6550,22.73813765
22.6600,22.91823961
22.6650,23.09727535
22.6700,23.27515302
22.6750,23.4518323
22.6800,23.62758129
22.6850,23.80220751
22.6900,23.97579518
22.6950,24.14843837
22.7000,24.32026604
22.7050,24.49120228
22.7100,24.66134411
22.7150,24.8307666
22.7200,24.99962886
22.7250,25.16802604
22.7300,25.33617002
22.7350,25.5040688
22.7400,25.67178029
22.7450,25.83941001
22.7500,26.00685505
22.7550,26.17391247
22.7600,26.3408428
22.7650,26.5074739
22.7700,26.67375344
22.7750,26.83942901
22.7800,27.00463321
22.7850,27.1692228
22.7900,27.33335276
22.7950,27.49697259
22.8000,27.6599721
22.8050,27.82220696
22.8100,27.98369846
22.8150,28.14409318
22.8200,28.30317984
22.8250,28.46122139
22.8300,28.618062
22.8350,28.77388438
22.8400,28.92867344
22.8450,29.08240626
22.8500,29.23500672
22.8550,29.38672883
22.8600,29.53764084
22.8650,29.68774002
22.8700,29.83712386
22.8750,29.98577907
22.8800,30.13337123
22.8850,30.27973245
22.8900,30.4244616
22.8950,30.56737044
22.9000,30.70819342
22.9050,30.8471337
22.9100,30.98414239
22.9150,31.11937347
22.9200,31.252789
22.9250,31.38469071
22.9300,31.5149454
22.9350,31.64337106
22.9400,31.76954372
22.9450,31.89332522
22.9500,32.0143188
22.9550,32.13267737
22.9600,32.24872012
22.9650,32.36280669
22.9700,32.47508264
22.9750,32.58535497
22.9800,32.69347434
22.9850,32.7998435
22.9900,32.90473833
22.9950,33.00813375
23.0000,33.10994002
23.0050,33.21011415
23.0100,33.30843746
23.0150,33.40496406
23.0200,33.49943465
23.0250,33.59127862
23.0300,33.68019177
23.0350,33.76624753
23.0400,33.84926969
23.0450,33.92917998
23.0500,34.00600827
23.0550,34.07988476
23.0600,34.15063237
23.0650,34.21839036
23.0700,34.28327157
23.0750,34.34545154
23.0800,34.4049204
23.0850,34.46117171
23.0900,34.51362259
23.0950,34.56190169
23.1000,34.60592101
23.1050,34.64582023
23.1100,34.68180727
23.1150,34.7140589
23.1200,34.7429445
23.1250,34.7687131
23.1300,34.7916969
23.1350,34.81173261
23.1400,34.82883083
23.1450,34.8430973
23.1500,34.85475225
23.1550,34.86356262
23.1600,34.86952838
23.1650,34.87279203
23.1700,34.87389163
23.1750,34.87317944
23.1800,34.87147944
23.1850,34.86933946
23.1900,34.86751038
23.1950,34.86642245
23.2000,34.86641054
23.2050,34.86711785
23.2100,34.86820023
23.2150,34.86906078
23.2200,34.86925728
23.2250,34.86795312
23.2300,34.86517448
23.2350,34.86108057
23.2400,34.85591192
23.2450,34.84990188
23.2500,34.8434935
23.2550,34.83642413
23.2600,34.82831675
23.2650,34.81859913
23.2700,34.80705164
23.2750,34.79369275
23.2800,34.77811044
23.2850,34.75934395
23.2900,34.73724937
23.2950,34.71188592
23.3000,34.68341007
23.3050,34.65192582
23.3100,34.61744904
23.3150,34.58019982
23.3200,34.54007417
23.3250,34.49750796
23.3300,34.45244682
23.3350,34.40453918
23.3400,34.35406829
23.3450,34.30105685
23.3500,34.24564343
23.3550,34.18771721
23.3600,34.12698859
23.3650,34.06333552
23.3700,33.99682954
23.3750,33.92749578
23.3800,33.85507857
23.3850,33.77981318
23.3900,33.70210033
23.3950,33.62275897
23.4000,33.54244268
23.4050,33.46189729
23.4100,33.38163613
23.4150,33.30176387
23.4200,33.22257379
23.4250,33.14387479
23.4300,33.06620253
23.4350,32.99011366
23.4400,32.91590015
23.4450,32.84366125
23.4500,32.77306935
23.4550,32.70473121
23.4600,32.63874163
23.4650,32.57507831
23.4700,32.51305791
23.4750,32.45242019
23.4800,32.39285799
23.4850,32.33381459
23.4900,32.27482025
23.4950,32.21565696
23.5000,32.15611019
23.5050,32.096425
23.5100,32.0367918
23.5150,31.97725967
23.5200,31.91778457
23.5250,31.85849257
23.5300,31.79905597
23.5350,31.73933471
23.5400,31.67901818
23.5450,31.6172682
23.5500,31.55332164
23.5550,31.48648084
23.5600,31.41648907
23.5650,31.343049
23.5700,31.26587906
23.5750,31.18497166
23.5800,31.10063736
23.5850,31.01337394
23.5900,30.9225256
23.5950,30.82765083
23.6000,30.7284228
23.6050,30.62488251
23.6100,30.51711014
23.6150,30.40489183
23.6200,30.28856455
23.6250,30.16825139
23.6300,30.044476
23.6350,29.91778149
23.6400,29.78812875
23.6450,29.65577662
23.6500,29.52070256
23.6550,29.38324852
23.6600,29.24362507
23.6650,29.10181482
23.6700,28.95752123
23.6750,28.81069729
23.6800,28.66176721
23.6850,28.51128105
23.6900,28.35957214
23.6950,28.20659853
23.7000,28.05247249
23.7050,27.89726567
23.7100,27.7410047
23.7150,27.58421559
23.7200,27.42696732
23.7250,27.26926579
23.7300,27.11099318
23.7350,26.95224687
23.7400,26.79338089
23.7450,26.63454455
23.7500,26.47638639
23.7550,26.31885633
23.7600,26.16250221
23.7650,26.00762985
23.7700,25.85450063
23.7750,25.7033778
23.7800,25.55427705
23.7850,25.4073087
23.7900,25.26143407
23.7950,25.11684294
23.8000,24.97375298
23.8050,24.83189996
23.8100,24.6909908
23.8150,24.55081426
23.8200,24.41126605
23.8250,24.27216338
23.8300,24.13308789
23.8350,23.99362095
23.8400,23.85367909
23.8450,23.71344959
23.8500,23.57312784
23.8550,23.43298074
23.8600,23.29295368
23.8650,23.15299982
23.8700,23.01269927
23.8750,22.87149824
23.8800,22.72922932
23.8850,22.58564489
23.8900,22.44085716
23.8950,22.29482482
23.9000,22.14776348
23.9050,21.99963516
23.9100,21.85056974
23.9150,21.70083369
23.9200,21.55035907
23.9250,21.39919041
23.9300,21.24729472
23.9350,21.09446928
23.9400,20.94076082
23.9450,20.78614619
23.9500,20.63068833
23.9550,20.47411056
23.9600,20.31663353
23.9650,20.15849569
23.9700,20.00005501
23.9750,19.84130104
23.9800,19.6820874
23.9850,19.52242921
23.9900,19.36238127
23.9950,19.2020661
24.0000,19.04142503
24.0050,18.88046691
24.0100,18.71936072
24.0150,18.55796803
24.0200,18.39637821
24.0250,18.2351607
24.0300,18.07444096
24.0350,17.91464623
24.0400,17.75580306
24.0450,17.59816099
24.0500,17.44189235
24.0550,17.28738594
24.0600,17.13451111
24.0650,16.98319612
24.0700,16.83371032
24.0750,16.68587514
24.0800,16.53982796
24.0850,16.39570336
24.0900,16.25416937
24.0950,16.11508865
24.1000,15.97836024
24.1050,15.84380293
24.1100,15.71142366
24.1150,15.58137505
24.1200,15.45347173
24.1250,15.32750687
24.1300,15.20376319
24.1350,15.08212163
24.1400,14.96242078
24.1450,14.84491021
24.1500,14.7294123
24.1550,14.61570866
24.1600,14.50377608
24.1650,14.39338326
24.1700,14.28475837
24.1750,14.17807444
24.1800,14.07312494
24.1850,13.96965794
24.1900,13.86759465
24.1950,13.76696829
24.2000,13.66763914
24.2050,13.56938942
24.2100,13.47189872
24.2150,13.37504876
24.2200,13.2787347
24.2250,13.18282314
24.2300,13.08707622
24.2350,12.99160958
24.2400,12.89634862
24.2450,12.80102688
24.2500,12.70568963
24.2550,12.61050713
24.2600,12.51525176
24.2650,12.41984512
24.2700,12.32418324
24.2750,12.22846732
24.2800,12.13283824
24.2850,12.03724519
24.2900,11.94176136
24.2950,11.84652897
24.3000,11.75128124
24.3050,11.6562845
24.3100,11.56143409
24.3150,11.4668324
24.3200,11.37253883
24.3250,11.27851397
24.3300,11.18482186
24.3350,11.09150531
24.3400,10.99867055
24.3450,10.90628497
24.3500,10.81435917
24.3550,10.7229139
24.3600,10.63204337
24.3650,10.54182495
24.3700,10.45219911
24.3750,10.36325462
24.3800,10.27523096
24.3850,10.18804994
24.3900,10.10211304
24.3950,10.0175249
24.4000,9.934223816
24.4050,9.85243245
24.4100,9.772297225
24.4150,9.693665379
24.4200,9.61682429
24.4250,9.542049683
24.4300,9.469310389
24.4350,9.398757149
24.4400,9.330429635
24.4450,9.264262071
24.4500,9.200439774
24.4550,9.139126257
24.4600,9.080100958
24.4650,9.023549115
24.4700,8.969600299
24.4750,8.918234188
24.4800,8.869507246
24.4850,8.823724051
24.4900,8.780785746
24.4950,8.74089797
24.5000,8.70400464
24.5050,8.670190938
24.5100,8.639626461
24.5150,8.612167945
24.5200,8.58781245
24.5250,8.566433981
24.5300,8.547958608
24.5350,8.532221799
24.5400,8.519210638
24.5450,8.50900701
24.5500,8.501536724
24.5550,8.496678374
24.5600,8.494310788
24.5650,8.49446628
24.5700,8.496945488
24.5750,8.501509612
24.5800,8.50806046
24.5850,8.516557443
24.5900,8.526673083
24.5950,8.538385094
24.6000,8.551731186
24.6050,8.566402537
24.6100,8.582389227
24.6150,8.599690361
24.6200,8.618307009
24.6250,8.63818314
24.6300,8.659315795
24.6350,8.681450315
24.6400,8.704474897
24.6450,8.728423616
24.6500,8.753243933
24.6550,8.778738824
24.6600,8.80487782
24.6650,8.831582389
24.6700,8.858846322
24.6750,8.886513266
24.6800,8.914516222
24.6850,8.942951012
24.6900,8.971630246
24.6950,9.000443817
24.7000,9.02964536
24.7050,9.058946973
24.7100,9.088394179
24.7150,9.118142468
24.7200,9.148180101
24.7250,9.178515748
24.7300,9.20925049
24.7350,9.240289715
24.7400,9.272048322
24.7450,9.304391665
24.7500,9.337282814
24.7550,9.370849732
24.7600,9.405283646
24.7650,9.440713476
24.7700,9.477146474
24.7750,9.514723715
24.7800,9.553646127
24.7850,9.593799529
24.7900,9.63549807
24.7950,9.678620924
24.8000,9.723486117
24.8050,9.769971893
24.8100,9.818133984
24.8150,9.868204543
24.8200,9.920131846
24.8250,9.974032207
24.8300,10.0301038
24.8350,10.08847812
24.8400,10.14917665
24.8450,10.21214362
24.8500,10.27749427
24.8550,10.34536613
24.8600,10.41581137
24.8650,10.48873648
24.8700,10.56428215
24.8750,10.64248912
24.8800,10.72338057
24.8850,10.80691884
24.8900,10.89341329
24.8950,10.98280124
24.9000,11.07509223
24.9050,11.17027055
24.9100,11.26846637
24.9150,11.36949911
24.9200,11.47349125
24.9250,11.58027253
24.9300,11.68976972
24.9350,11.80200915
24.9400,11.91686259
24.9450,12.03420282
24.9500,12.1538242
24.9550,12.27558881
24.9600,12.39946518
24.9650,12.52526789
24.9700,12.65274638
24.9750,12.78197792
24.9800,12.91261963
24.9850,13.04447776
24.9900,13.17762029
24.9950,13.31178896
25.0000,13.44675582
25.0050,13.58259634
25.0100,13.71911912
25.0150,13.85626686
25.0200,13.99385126
25.0250,14.13182311
25.0300,14.26998622
25.0350,14.40845822
25.0400,14.54693592
25.0450,14.68566421
25.0500,14.82474581
25.0550,14.96390253
25.0600,15.10328592
25.0650,15.24277904
25.0700,15.38241065
25.0750,15.52231497
25.0800,15.66238666
25.0850,15.8028991
25.0900,15.94378305
25.0950,16.08524317
25.1000,16.22714098
25.1050,16.36970578
25.1100,16.51301876
25.1150,16.65701272
25.1200,16.80173549
25.1250,16.94722209
25.1300,17.09344496
25.1350,17.24043592
25.1400,17.38832361
25.1450,17.53700962
25.1500,17.68632246
25.1550,17.83630274
25.1600,17.98702683
25.1650,18.13835835
25.1700,18.2903341
25.1750,18.4430823
25.1800,18.59643291
25.1850,18.7503198
25.1900,18.90450143
25.1950,19.05879413
25.2000,19.21330247
25.2050,19.36809028
25.2100,19.52288708
25.2150,19.67794371
25.2200,19.8333409
25.2250,19.98902752
25.2300,20.14504492
25.2350,20.30129192
25.2400,20.45804137
25.2450,20.61527169
25.2500,20.77311748
25.2550,20.93166336
25.2600,21.09079442
25.2650,21.25072157
25.2700,21.41171159
25.2750,21.57357671
25.2800,21.73638552
25.2850,21.90040984
25.2900,22.06543605
25.2950,22.23151661
25.3000,22.39851208
25.3050,22.56638168
25.3100,22.73514693
25.3150,22.90455195
25.3200,23.07450098
25.3250,23.2450127
25.3300,23.41604372
25.3350,23.58751204
25.3400,23.75954287
25.3450,23.93205602
25.3500,24.1050428
25.3550,24.2783406
25.3600,24.45192659
25.3650,24.62597468
25.3700,24.80024115
25.3750,24.97481788
25.3800,25.1498209
25.3850,25.32503771
25.3900,25.50051994
25.3950,25.67614973
25.4000,25.85197604
25.4050,26.02793848
25.4100,26.20398708
25.4150,26.38031122
25.4200,26.55666579
25.4250,26.73313896
25.4300,26.9096489
25.4350,27.0862776
25.4400,27.26276694
25.4450,27.43922535
25.4500,27.61562581
25.4550,27.79192508
25.4600,27.96804998
25.4650,28.14431386
25.4700,28.32069203
25.4750,28.49693975
25.4800,28.67329855
25.4850,28.85002781
25.4900,29.02704694
25.4950,29.20460012
25.5000,29.38235097
25.5050,29.56021093
25.5100,29.73810581
25.5150,29.91556591
25.5200,30.09336804
25.5250,30.27099064
25.5300,30.44822707
25.5350,30.62535892
25.5400,30.80225246
25.5450,30.97886173
25.5500,31.15458954
25.5550,31.32929815
25.5600,31.50319333
25.5650,31.6762628
25.5700,31.84841044
25.5750,32.01980828
25.5800,32.19058497
25.5850,32.36079455
25.5900,32.53048201
25.5950,32.69964238
25.6000,32.86791448
25.6050,33.03505968
25.6100,33.20095357
25.6150,33.36559568
25.6200,33.52888755
25.6250,33.69053933
25.6300,33.85017688
25.6350,34.00766964
25.6400,34.16275181
25.6450,34.31534889
25.6500,34.46513591
25.6550,34.61187098
25.6600,34.75541267
25.6650,34.89523884
25.6700,35.03131471
25.6750,35.16315056
25.6800,35.29055802
25.6850,35.41341796
25.6900,35.53138029
25.6950,35.64455584
25.7000,35.75287499
25.7050,35.85684913
25.7100,35.95665824
25.7150,36.05249988
25.7200,36.1447332
25.7250,36.23329624
25.7300,36.31825041
25.7350,36.39936479
25.7400,36.4767937
25.7450,36.55037697
25.7500,36.62040375
25.7550,36.68696703
25.7600,36.75028191
25.7650,36.8105634
25.7700,36.86831572
25.7750,36.92357179
25.7800,36.97662164
25.7850,37.02760925
25.7900,37.07694595
25.7950,37.12452162
25.8000,37.17071294
25.8050,37.21541343
25.8100,37.25899116
25.8150,37.30186791
25.8200,37.34302901
25.8250,37.38301291
25.8300,37.42208202
25.8350,37.46020305
25.8400,37.49750535
25.8450,37.53433886
25.8500,37.57157836
25.8550,37.60953723
25.8600,37.64831722
25.8650,37.68786113
25.8700,37.72805666
25.8750,37.76887564
25.8800,37.81021438
25.8850,37.85196764
25.8900,37.89446234
25.8950,37.93767696
25.9000,37.98193633
25.9050,38.02734986
25.9100,38.07378204
25.9150,38.12095624
25.9200,38.16875959
25.9250,38.21705785
25.9300,38.2658225
25.9350,38.31437507
25.9400,38.36226767
25.9450,38.409019
25.9500,38.45471557
25.9550,38.49918946
25.9600,38.54212232
25.9650,38.58329863
25.9700,38.62242479
25.9750,38.6591742
25.9800,38.69331354
25.9850,38.72447826
25.9900,38.75246952
25.9950,38.77708465
26.0000,38.79822323
26.0050,38.8151539
26.0100,38.82749306
26.0150,38.83512318
26.0200,38.8378396
26.0250,38.83568192
26.0300,38.82852851
26.0350,38.81654769
26.0400,38.79994951
26.0450,38.77914777
26.0500,38.75433334
26.0550,38.72579874
26.0600,38.69376057
26.0650,38.65813905
26.0700,38.61867982
26.0750,38.57579087
26.0800,38.52945404
26.0850,38.47993275
26.0900,38.4269521
26.0950,38.37051914
26.1000,38.31074127
26.1050,38.24760239
26.1100,38.1808192
26.1150,38.11044433
26.1200,38.03653491
26.1250,37.95940157
26.1300,37.87933481
26.1350,37.79650976
26.1400,37.71124676
26.1450,37.62372548
26.1500,37.5339504
26.1550,37.44175297
26.1600,37.34712004
26.1650,37.24995529
26.1700,37.15066892
26.1750,37.04919197
26.1800,36.94555594
26.1850,36.83971166
26.1900,36.73144279
26.1950,36.62073243
26.2000,36.50762123
26.2050,36.39215386
26.2100,36.27430639
26.2150,36.15414468
26.2200,36.03132648
26.2250,35.90573544
26.2300,35.77718268
26.2350,35.64605914
26.2400,35.5123412
26.2450,35.37608172
26.2500,35.23718512
26.2550,35.09601086
26.2600,34.95294256
26.2650,34.80826577
26.2700,34.66236254
26.2750,34.51556414
26.2800,34.36805879
26.2850,34.22020168
26.2900,34.07235046
26.2950,33.92463031
26.3000,33.77673662
26.3050,33.62909167
26.3100,33.4819115
26.3150,33.33507798
26.3200,33.188899
26.3250,33.04315798
26.3300,32.89806871
26.3350,32.75350563
26.3400,32.60926113
26.3450,32.46517065
26.3500,32.32115524
26.3550,32.17710703
26.3600,32.03287736
26.3650,31.88878865
26.3700,31.74486469
26.3750,31.60113409
26.3800,31.45785787
26.3850,31.31477907
26.3900,31.17197549
26.3950,31.02928327
26.4000,30.88659325
26.4050,30.74391005
26.4100,30.60132476
26.4150,30.4585193
26.4200,30.31536571
26.4250,30.17123773
26.4300,30.02579968
26.4350,29.87864157
26.4400,29.72936708
26.4450,29.57764375
26.4500,29.4233549
26.4550,29.26666069
26.4600,29.10738556
26.4650,28.9455706
26.4700,28.78086534
26.4750,28.61328411
26.4800,28.44259327
26.4850,28.26860111
26.4900,28.0911372
26.4950,27.9101982
26.5000,27.72585536
26.5050,27.53813086
26.5100,27.34719162
26.5150,27.15305983
26.5200,26.95603975
26.5250,26.75607895
26.5300,26.5531451
26.5350,26.347221
26.5400,26.13823334
26.5450,25.92614312
26.5500,25.7110541
26.5550,25.49302811
26.5600,25.2722321
26.5650,25.0489484
26.5700,24.82341103
26.5750,24.59600258
26.5800,24.36677453
26.5850,24.13610594
26.5900,23.90416871
26.5950,23.67117764
26.6000,23.4376073
26.6050,23.20342091
26.6100,22.96886856
26.6150,22.73393018
26.6200,22.49863096
26.6250,22.26331651
26.6300,22.02789157
26.6350,21.792517
26.6400,21.55739996
26.6450,21.32291297
26.6500,21.08927253
26.6550,20.85652411
26.6600,20.62508318
26.6650,20.39469976
26.6700,20.16572139
26.6750,19.93822356
26.6800,19.71199457
26.6850,19.48729594
26.6900,19.26426272
26.6950,19.04316936
26.7000,18.82395917
26.7050,18.6067563
26.7100,18.39155471
26.7150,18.17848752
26.7200,17.96747317
26.7250,17.75880181
26.7300,17.55224948
26.7350,17.3478087
26.7400,17.14535502
26.7450,16.94496966
26.7500,16.74636275
26.7550,16.54931637
26.7600,16.35377926
26.7650,16.15953948
26.7700,15.96665119
26.7750,15.77510545
26.7800,15.58510231
26.7850,15.3966274
26.7900,15.20976218
26.7950,15.02443355
26.8000,14.84069417
26.8050,14.65838091
26.8100,14.47743446
26.8150,14.29771755
26.8200,14.11901557
26.8250,13.94167626
26.8300,13.76565966
26.8350,13.59082359
26.8400,13.41726834
26.8450,13.24507129
26.8500,13.07393922
26.8550,12.90406279
26.8600,12.73531675
26.8650,12.56756377
26.8700,12.40081098
26.8750,12.23500464
26.8800,12.07039661
26.8850,11.90678918
26.8900,11.74420559
26.8950,11.58262619
26.9000,11.42196853
26.9050,11.26210776
26.9100,11.1030063
26.9150,10.94481113
26.9200,10.78731605
26.9250,10.63037127
26.9300,10.47418574
26.9350,10.318743
26.9400,10.16385603
26.9450,10.00958204
26.9500,9.855810243
26.9550,9.702538334
26.9600,9.549592056
26.9650,9.396985666
26.9700,9.24457034
26.9750,9.092220183
26.9800,8.939855129
26.9850,8.787283219
26.9900,8.634310086
26.9950,8.480586182
27.0000,8.326248604
27.0050,8.171111326
27.0100,8.015087444
27.0150,7.858020349
27.0200,7.699763272
27.0250,7.540167791
27.0300,7.37932741
27.0350,7.216976679
27.0400,7.053230777
27.0450,6.887967055
27.0500,6.721120873
27.0550,6.552588351
27.0600,6.3823218
27.0650,6.210319142
27.0700,6.036472631
27.0750,5.860694181
27.0800,5.682793998
27.0850,5.502918662
27.0900,5.321212159
27.0950,5.137801517
27.1000,4.952698176
27.1050,4.766131792
27.1100,4.578355754
27.1150,4.389467838
27.1200,4.199827264
27.1250,4.009381181
27.1300,3.818596352
27.1350,3.627899982
27.1400,3.437389698
27.1450,3.247555278
27.1500,3.058813781
27.1550,2.871120285
27.1600,2.684707433
27.1650,2.500098055
27.1700,2.317407542
27.1750,2.13667429
27.1800,1.957943243
27.1850,1.781460554
27.1900,1.607370363
27.1950,1.435650628
27.2000,1.266634477
27.2050,1.10042561
27.2100,0.9369810725
27.2150,0.7764053553
27.2200,0.6187687787
27.2250,0.4640893567
27.2300,0.3121355551
27.2350,0.163020635
27.2400,0.01688544291
27.2450,-0.1262651956
27.2500,-0.2666046794
27.2550,-0.4041556987
27.2600,-0.5388002482
27.2650,-0.6706863044
27.2700,-0.7999915507
27.2750,-0.9267339471
27.2800,-1.051083938
27.2850,-1.17300818
27.2900,-1.292560983
27.2950,-1.409691772
27.3000,-1.524670812
27.3050,-1.637514839
27.3100,-1.748281265
27.3150,-1.856860184
27.3200,-1.963233034
27.3250,-2.067537698
27.3300,-2.169656789
27.3350,-2.269421422
27.3400,-2.366936797
27.3450,-2.461929535
27.3500,-2.55431691
27.3550,-2.644011965
27.3600,-2.730827573
27.3650,-2.814730579
27.3700,-2.895348443
27.3750,-2.972510241
27.3800,-3.045995309
27.3850,-3.115594584
27.3900,-3.181207849
27.3950,-3.242812329
27.4000,-3.300142417
27.4050,-3.353157247
27.4100,-3.40198336
27.4150,-3.446560343
27.4200,-3.486891175
27.4250,-3.522953065
27.4300,-3.554861113
27.4350,-3.582666073
27.4400,-3.606107844
27.4450,-3.625397767
27.4500,-3.640502105
27.4550,-3.6514109
27.4600,-3.658056366
27.4650,-3.66061415
27.4700,-3.659278092
27.4750,-3.65396359
27.4800,-3.64482092
27.4850,-3.632135263
27.4900,-3.616037805
27.4950,-3.59670121
27.5000,-3.574589304
27.5050,-3.549896071
27.5100,-3.523001587
27.5150,-3.494119799
27.5200,-3.463514342
27.5250,-3.431249092
27.5300,-3.397585715
27.5350,-3.362869607
27.5400,-3.32727533
27.5450,-3.291148758
27.5500,-3.254397317
27.5550,-3.217240195
27.5600,-3.180055507
27.5650,-3.142564489
27.5700,-3.104840376
27.5750,-3.066894102
27.5800,-3.028743001
27.5850,-2.990373727
27.5900,-2.951610626
27.5950,-2.912704875
27.6000,-2.873553893
27.6050,-2.83426004
27.6100,-2.794978933
27.6150,-2.755622692
27.6200,-2.716544769
27.6250,-2.67774666
27.6300,-2.639221834
27.6350,-2.601312575
27.6400,-2.563944078
27.6450,-2.527342084
27.6500,-2.491586799
27.6550,-2.456872783
27.6600,-2.423062515
27.6650,-2.390395038
27.6700,-2.358909722
27.6750,-2.328642279
27.6800,-2.299544993
27.6850,-2.27171474
27.6900,-2.244977571
27.6950,-2.219200949
27.7000,-2.194425337
27.7050,-2.170524297
27.7100,-2.147326627
27.7150,-2.124510737
27.7200,-2.102253417
27.7250,-2.080276677
27.7300,-2.058482629
27.7350,-2.036971386
27.7400,-2.015649594
27.7450,-1.994600341
27.7500,-1.973730609
27.7550,-1.953007056
27.7600,-1.932371803
27.7650,-1.911925596
27.7700,-1.891515731
27.7750,-1.871190527
27.7800,-1.850727525
27.7850,-1.830121079
27.7900,-1.809225037
27.7950,-1.787994755
27.8000,-1.766157511
27.8050,-1.743652837
27.8100,-1.720270058
27.8150,-1.69604265
27.8200,-1.670863275
27.8250,-1.644548566
27.8300,-1.617122714
27.8350,-1.588381279
27.8400,-1.558333405
27.8450,-1.527103386
27.8500,-1.494818142
27.8550,-1.461511313
27.8600,-1.427105362
27.8650,-1.391851497
27.8700,-1.355626523
27.8750,-1.318580349
27.8800,-1.280610165
27.8850,-1.242048491
27.8900,-1.203079044
27.8950,-1.163621579
27.9000,-1.123991381
27.9050,-1.084191487
27.9100,-1.04431695
27.9150,-1.004612147
27.9200,-0.9648700051
27.9250,-0.925268622
27.9300,-0.8860832707
27.9350,-0.8471599753
27.9400,-0.8087015717
27.9450,-0.7707744867
27.9500,-0.7335000282
27.9550,-0.6966810194
27.9600,-0.6607832728
27.9650,-0.6257242765
27.9700,-0.5914996945
27.9750,-0.5583405546
27.9800,-0.5263204357
27.9850,-0.4954291581
27.9900,-0.4658182861
27.9950,-0.4373993492
28.0000,-0.4101221352
28.0050,-0.3840483731
28.0100,-0.3588608632
28.0150,-0.3346010744
28.0200,-0.3108941666
28.0250,-0.2876269154
28.0300,-0.264599629
28.0350,-0.2415238846
28.0400,-0.2185068061
28.0450,-0.1949818507
28.0500,-0.1708824646
28.0550,-0.1459965575
28.0600,-0.1201422375
28.0650,-0.09306599085
28.0700,-0.06453539047
28.0750,-0.03443409749
28.0800,-0.002573801656
28.0850,0.03137337428
28.0900,0.06735387276
28.0950,0.1054401497
28.1000,0.1455931482
28.1050,0.1878085027
28.1100,0.232107598
28.1150,0.2784916617
28.1200,0.3268150202
28.1250,0.3771704667
28.1300,0.4296201184
28.1350,0.4841778413
28.1400,0.5409918589
28.1450,0.6000393381
28.1500,0.6615523875
28.1550,0.7256284182
28.1600,0.7922466491
28.1650,0.8613745725
28.1700,0.932758269
28.1750,1.006420886
28.1800,1.08206605
28.1850,1.159957295
28.1900,1.239808739
28.1950,1.321607824
28.2000,1.405373605
28.2050,1.491133411
28.2100,1.57885911
28.2150,1.668297733
28.2200,1.759378466
28.2250,1.852071463
28.2300,1.946263506
28.2350,2.041737183
28.2400,2.138397091
28.2450,2.236018999
28.2500,2.334723945
28.2550,2.434160558
28.2600,2.534562004
28.2650,2.635731226
28.2700,2.737530485
28.2750,2.84006069
28.2800,2.943431907
28.2850,3.047518399
28.2900,3.152265524
28.2950,3.257553219
28.3000,3.363251267
28.3050,3.46946162
28.3100,3.575927391
28.3150,3.682523488
28.3200,3.789373924
28.3250,3.896164813
28.3300,4.002753968
28.3350,4.109246913
28.3400,4.215580105
28.3450,4.321338742
28.3500,4.426680105
28.3550,4.531453917
28.3600,4.635546449
28.3650,4.738846012
28.3700,4.84123861
28.3750,4.942683188
28.3800,5.042926478
28.3850,5.141824306
28.3900,5.239292959
28.3950,5.335158264
28.4000,5.42939211
28.4050,5.52199251
28.4100,5.612853563
28.4150,5.702070398
28.4200,5.789669235
28.4250,5.875404018
28.4300,5.959344199
28.4350,6.041229761
28.4400,6.121047401
28.4450,6.198927522
28.4500,6.274758792
28.4550,6.348506765
28.4600,6.420088251
28.4650,6.489572739
28.4700,6.557077722
28.4750,6.62252866
28.4800,6.686205325
28.4850,6.747873502
28.4900,6.807705833
28.4950,6.865583042
28.5000,6.921578821
28.5050,6.975619485
28.5100,7.027697396
28.5150,7.078001154
28.5200,7.126722101
28.5250,7.173871494
28.5300,7.219449564
28.5350,7.263567252
28.5400,7.306403733
28.5450,7.348125683
28.5500,7.388503762
28.5550,7.427639287
28.5600,7.465436338
28.5650,7.502155918
28.5700,7.537715742
28.5750,7.572090886
28.5800,7.605300326
28.5850,7.637386046
28.5900,7.668418395
28.5950,7.698284039
28.6000,7.727025805
28.6050,7.75461707
28.6100,7.781066583
28.6150,7.806346738
28.6200,7.830206493
28.6250,7.852872413
28.6300,7.874179066
28.6350,7.894006232
28.6400,7.912400144
28.6450,7.92944113
28.6500,7.944935694
28.6550,7.959086136
28.6600,7.971920969
28.6650,7.983451427
28.6700,7.993738374
28.6750,8.002879066
28.6800,8.010971413
28.6850,8.018079261
28.6900,8.024152792
28.6950,8.029351965
28.7000,8.033543365
28.7050,8.03675144
28.7100,8.03899319
28.7150,8.040154101
28.7200,8.040355288
28.7250,8.039448754
28.7300,8.037243906
28.7350,8.03388624
28.7400,8.029145361
28.7450,8.023135961
28.7500,8.015694922
28.7550,8.007163762
28.7600,7.99783476
28.7650,7.987635265
28.7700,7.976817447
28.7750,7.965644244
28.7800,7.954163308
28.7850,7.942473898
28.7900,7.930957344
28.7950,7.919947306
28.8000,7.909356795
28.8050,7.899410149
28.8100,7.89012429
28.8150,7.881399935
28.8200,7.873232045
28.8250,7.865597544
28.8300,7.858840879
28.8350,7.852990719
28.8400,7.848077484
28.8450,7.844290305
28.8500,7.842116207
28.8550,7.841763863
28.8600,7.843586493
28.8650,7.847751511
28.8700,7.85448655
28.8750,7.863814655
28.8800,7.87597602
28.8850,7.891152696
28.8900,7.909489463
28.8950,7.931284471
28.9000,7.956249403
28.9050,7.984024421
28.9100,8.014464749
28.9150,8.047088504
28.9200,8.081705785
28.9250,8.117922525
28.9300,8.155759515
28.9350,8.194791272
28.9400,8.234213302
28.9450,8.273209164
28.9500,8.310740762
28.9550,8.345770274
28.9600,8.377579715
28.9650,8.405673208
28.9700,8.429365614
28.9750,8.448186011
28.9800,8.461844784
28.9850,8.470070224
28.9900,8.473172159
28.9950,8.471213813
29.0000,8.464601583
29.0050,8.453675501
29.0100,8.438778061
29.0150,8.420096
29.0200,8.397947332
29.0250,8.372677946
29.0300,8.344755154
29.0350,8.314421893
29.0400,8.281704262
29.0450,8.246699766
29.0500,8.209847161
29.0550,8.171566008
29.0600,8.132817381
29.0650,8.094098037
29.0700,8.0553329
29.0750,8.016107285
29.0800,7.976317731
29.0850,7.93622507
29.0900,7.896565478
29.0950,7.857551072
29.1000,7.819436265
29.1050,7.782651586
29.1100,7.7473906
29.1150,7.714100908
29.1200,7.68422532
29.1250,7.658440971
29.1300,7.634616232
29.1350,7.612471419
29.1400,7.593128542
29.1450,7.576918646
29.1500,7.563784546
29.1550,7.553867391
29.1600,7.551507501
29.1650,7.557843568
29.1700,7.56883326
29.1750,7.581988476
29.1800,7.596855594
29.1850,7.613430809
29.1900,7.631286024
29.1950,7.650084709
29.2000,7.67044308
29.2050,7.692855788
29.2100,7.716690848
29.2150,7.741563041
29.2200,7.766926181
29.2250,7.791747456
29.2300,7.81527925
29.2350,7.83685266
29.2400,7.856517531
29.2450,7.874232771
29.2500,7.890076066
29.2550,7.904053074
29.2600,7.915715838
29.2650,7.924734918
29.2700,7.930907819
29.2750,7.933774402
29.2800,7.93285761
29.2850,7.927666034
29.2900,7.917290493
29.2950,7.900852092
29.3000,7.877049677
29.3050,7.84451135
29.3100,7.801906266
29.3150,7.748132391
29.3200,7.682188728
29.3250,7.603295786
29.3300,7.510921971
29.3350,7.405196119
29.3400,7.286472602
29.3450,7.155367356
29.3500,7.0120229
29.3550,6.856862145
29.3600,6.689817704
29.3650,6.511753491
29.3700,6.324375746
29.3750,6.129573418
29.3800,5.929560151
29.3850,5.72599426
29.3900,5.5200443
29.3950,5.313593234
29.4000,5.108709916
29.4050,4.906984216
29.4100,4.710195237
29.4150,4.519792639
29.4200,4.336001444
29.4250,4.160013646
29.4300,3.994279672
29.4350,3.839830801
29.4400,3.696136131
29.4450,3.562915388
29.4500,3.440098962
29.4550,3.327330672
29.4600,3.22063077
29.4650,3.119349706
29.4700,3.026463078
29.4750,2.943213063
29.4800,2.868655506
29.4850,2.801379069
29.4900,2.740543396
29.4950,2.684983694
29.5000,2.632486693
29.5050,2.580961864
29.5100,2.529119246
29.5150,2.476119037
29.5200,2.421185057
29.5250,2.364103793
29.5300,2.304166495
29.5350,2.240689331
29.5400,2.172891271
29.5450,2.100333517
29.5500,2.022319913
29.5550,1.938550537
29.5600,1.849125968
29.5650,1.753739834
29.5700,1.652696426
29.5750,1.546235142
29.5800,1.434929573
29.5850,1.319414943
29.5900,1.200257967
29.5950,1.078162963
29.6000,0.9540033679
29.6050,0.8286097837
29.6100,0.7025175937
29.6150,0.5766870335
29.6200,0.4516848421
29.6250,0.3281547158
29.6300,0.2066804666
29.6350,0.08760474961
29.6400,-0.02838900037
29.6450,-0.1412098605
29.6500,-0.250202883
29.6550,-0.3553304104
29.6600,-0.4562441637
29.6650,-0.5527716595
29.6700,-0.6448748166
29.6750,-0.7322831932
29.6800,-0.8151481472
29.6850,-0.8931610244
29.6900,-0.9661906621
29.6950,-1.034365546
29.7000,-1.09755715
29.7050,-1.155723639
29.7100,-1.208762181
29.7150,-1.256737638
29.7200,-1.299486956
29.7250,-1.33725644
29.7300,-1.369746554
29.7350,-1.39732496
29.7400,-1.419660219
29.7450,-1.436778064
29.7500,-1.448666572
29.7550,-1.455174535
29.7600,-1.456256262
29.7650,-1.451942353
29.7700,-1.442166921
29.7750,-1.426764453
29.7800,-1.406071696
29.7850,-1.379883277
29.7900,-1.348336885
29.7950,-1.311507818
29.8000,-1.269362446
29.8050,-1.221982897
29.8100,-1.169096912
29.8150,-1.110719876
29.8200,-1.046737112
29.8250,-0.9771276244
29.8300,-0.9019420911
29.8350,-0.821205043
29.8400,-0.7348818602
29.8450,-0.6430299285
29.8500,-0.5455595161
29.8550,-0.4423156994
29.8600,-0.3338012354
29.8650,-0.2197361231
29.8700,-0.1002578399
29.8750,0.0244614414
29.8800,0.1541222113
29.8850,0.2882836115
29.8900,0.4267868673
29.8950,0.569099157
29.9000,0.7148986512
29.9050,0.8636268763
29.9100,1.014868738
29.9150,1.16784057
29.9200,1.321997589
29.9250,1.476751269
29.9300,1.631448049
29.9350,1.785568516
29.9400,1.938597574
29.9450,2.090171784
29.9500,2.239615689
29.9550,2.386737801
29.9600,2.531111149
29.9650,2.672658826
29.9700,2.811098818
29.9750,2.946201477
29.9800,3.077786403
29.9850,3.205655125
29.9900,3.32941066
29.9950,3.449038549
30.0000,3.564481798
30.0050,3.675694914
30.0100,3.782733714
30.0150,3.885612531
30.0200,3.984474805
30.0250,4.079450073
30.0300,4.17055301
30.0350,4.258190202
30.0400,4.342459247
30.0450,4.423389842
30.0500,4.501363768
30.0550,4.576383292
30.0600,4.648910318
30.0650,4.719046877
30.0700,4.786904229
30.0750,4.852479745
30.0800,4.916032188
30.0850,4.977579135
30.0900,5.0371773
30.0950,5.094845191
30.1000,5.15063267
30.1050,5.204358121
30.1100,5.255754265
30.1150,5.304796426
30.1200,5.351276942
30.1250,5.395171022
30.1300,5.436326025
30.1350,5.474836965
30.1400,5.510548132
30.1450,5.543485271
30.1500,5.573785642
30.1550,5.601320548
30.1600,5.626527999
30.1650,5.649542096
30.1700,5.670321388
30.1750,5.689324274
30.1800,5.706711692
30.1850,5.722793105
30.1900,5.737762049
30.1950,5.751943364
30.2000,5.765488499
30.2050,5.77846757
30.2100,5.79086376
30.2150,5.802993773
30.2200,5.815051308
30.2250,5.827056793
30.2300,5.839079234
30.2350,5.851393414
30.2400,5.863878333
30.2450,5.876606552
30.2500,5.889663125
30.2550,5.902921507
30.2600,5.916533757
30.2650,5.930113076
30.2700,5.943859782
30.2750,5.957583384
30.2800,5.97139889
30.2850,5.985141707
30.2900,5.999122131
30.2950,6.013347906
30.3000,6.027741157
30.3050,6.042390997
30.3100,6.057324345
30.3150,6.072396402
30.3200,6.087399862
30.3250,6.102335496
30.3300,6.116975404
30.3350,6.131268653
30.3400,6.144911834
30.3450,6.157821476
30.3500,6.169683291
30.3550,6.18042709
30.3600,6.189600628
30.3650,6.197042955
30.3700,6.202392078
30.3750,6.205425437
30.3800,6.205789176
30.3850,6.203312023
30.3900,6.197733137
30.3950,6.188856663
30.4000,6.176398836
30.4050,6.160394525
30.4100,6.140621674
30.4150,6.116979872
30.4200,6.089521336
30.4250,6.058164005
30.4300,6.023146207
30.4350,5.984367458
30.4400,5.941893282
30.4450,5.895785236
30.4500,5.846212669
30.4550,5.793346132
30.4600,5.737626162
30.4650,5.679161118
30.4700,5.618530229
30.4750,5.555993909
30.4800,5.492010129
30.4850,5.426840509
30.4900,5.360774896
30.4950,5.294276359
30.5000,5.227520847
30.5050,5.161040949
30.5100,5.095367403
30.5150,5.030318838
30.5200,4.966230933
30.5250,4.903306169
30.5300,4.84155423
30.5350,4.780901276
30.5400,4.721451272
30.5450,4.663192903
30.5500,4.606355704
30.5550,4.551042477
30.5600,4.497263713
30.5650,4.445180017
30.5700,4.394600029
30.5750,4.345800437
30.5800,4.298612998
30.5850,4.253066501
30.5900,4.208810568
30.5950,4.165739586
30.6000,4.123945975
30.6050,4.083528718
30.6100,4.043971144
30.6150,4.005218117
30.6200,3.966810025
30.6250,3.92855546
30.6300,3.890131185
30.6350,3.85123234
30.6400,3.811641384
30.6450,3.771110989
30.6500,3.729237736
30.6550,3.685678609
30.6600,3.640157364
30.6650,3.59210578
30.6700,3.541241122
30.6750,3.487423399
30.6800,3.430570877
30.6850,3.370665248
30.6900,3.307651635
30.6950,3.241445999
30.7000,3.172075806
30.7050,3.099536145
30.7100,3.023796261
30.7150,2.985721834
30.7200,2.943719237
30.7250,2.898161334
30.7300,2.849490595
30.7350,2.79820812
30.7400,2.744861863
30.7450,2.690033048
30.7500,2.634322505
30.7550,2.578339903
30.7600,2.522695446
30.7650,2.467990523
30.7700,2.414805096
30.7750,2.363682411
30.7800,2.315113239
30.7850,2.269521915
30.7900,2.227255897
30.7950,2.188579976
30.8000,2.153675179
30.8050,2.122641608
30.8100,2.09550407
30.8150,2.072218013
30.8200,2.052673268
30.8250,2.036695843
30.8300,2.024049862
30.8350,2.01444149
30.8400,2.007525612
30.8450,2.00291444
30.8500,2.000186981
30.8550,1.998898911
