type,name,time_units,begin_time,frequency,count,units
signal_3d,"Noraxon MyoMotion-Trajectories-Lateral humeral epicondyle RT","s",0.0000,200,5128,"mm"

time,x,y,z
0.0000,-119.7144647,195.6959848,1142.781178
0.0050,-119.5939151,195.6210623,1142.777726
0.0100,-119.4732849,195.5462675,1142.774326
0.0150,-119.3525741,195.4716005,1142.770979
0.0200,-119.2203288,195.3912195,1142.767308
0.0250,-119.0770309,195.3056931,1142.76333
0.0300,-118.9233768,195.2157153,1142.75907
0.0350,-118.7602654,195.1220899,1142.754555
0.0400,-118.5887791,195.0257082,1142.749818
0.0450,-118.4101581,194.9275199,1142.744893
0.0500,-118.2257717,194.8285057,1142.739816
0.0550,-118.0370924,194.7296544,1142.734622
0.0600,-117.8456669,194.6319383,1142.729344
0.0650,-117.6530791,194.5362859,1142.724011
0.0700,-117.4609104,194.4435567,1142.718648
0.0750,-117.2707066,194.3545209,1142.713273
0.0800,-117.083946,194.2698467,1142.707901
0.0850,-116.90201,194.1900933,1142.702541
0.0900,-116.7261556,194.1157141,1142.697192
0.0950,-116.5574917,194.0470657,1142.691849
0.1000,-116.3969648,193.9844172,1142.686497
0.1050,-116.2453582,193.927959,1142.681116
0.1100,-116.1033009,193.8778184,1142.67568
0.1150,-115.9712768,193.8340807,1142.670165
0.1200,-115.849632,193.7968028,1142.664539
0.1250,-115.7385845,193.76602,1142.658776
0.1300,-115.6382357,193.7417463,1142.65285
0.1350,-115.5485815,193.7239723,1142.64674
0.1400,-115.4695207,193.7126598,1142.640432
0.1450,-115.4008618,193.7077311,1142.633919
0.1500,-115.3423237,193.7090553,1142.627205
0.1550,-115.1822736,193.6610295,1142.614444
0.1600,-115.0321855,193.6186603,1142.601675
0.1650,-114.8916007,193.5808349,1142.58887
0.1700,-114.7606129,193.5477739,1142.576126
0.1750,-114.6394631,193.5187906,1142.563554
0.1800,-114.5270659,193.4918356,1142.551267
0.1850,-114.4243453,193.4679694,1142.539221
0.1900,-114.3296122,193.4463114,1142.527388
0.1950,-114.2438872,193.4259731,1142.516037
0.2000,-114.1658394,193.4056537,1142.505104
0.2050,-114.0947036,193.3854981,1142.494618
0.2100,-114.0310845,193.3650762,1142.484713
0.2150,-113.9742393,193.3438981,1142.475334
0.2200,-113.9217023,193.3218065,1142.466289
0.2250,-113.8753391,193.2978584,1142.457863
0.2300,-113.8330665,193.2716657,1142.450015
0.2350,-113.7941589,193.2423053,1142.442761
0.2400,-113.7581937,193.2092135,1142.436203
0.2450,-113.7248229,193.1724696,1142.430352
0.2500,-113.6925011,193.1320944,1142.425021
0.2550,-113.6603769,193.0868041,1142.420313
0.2600,-113.6285687,193.036555,1142.416345
0.2650,-113.5978069,192.9807856,1142.413133
0.2700,-113.5662325,192.9189037,1142.410676
0.2750,-113.5340783,192.8516498,1142.408905
0.2800,-113.5020038,192.7783008,1142.40803
0.2850,-113.4689599,192.6978209,1142.408047
0.2900,-113.4356718,192.6110881,1142.40895
0.2950,-113.4016284,192.516929,1142.410812
0.3000,-113.3680607,192.4166026,1142.413549
0.3050,-113.3356418,192.3101137,1142.417339
0.3100,-113.3045132,192.1968581,1142.422202
0.3150,-113.2758157,192.0766328,1142.428242
0.3200,-113.2502233,191.9510343,1142.435429
0.3250,-113.2282461,191.8193428,1142.443838
0.3300,-113.2097933,191.6808068,1142.453437
0.3350,-113.1960954,191.5366585,1142.464196
0.3400,-113.1875068,191.3882677,1142.476
0.3450,-113.1853748,191.2347887,1142.48906
0.3500,-113.1901699,191.0780194,1142.50324
0.3550,-113.2020524,190.9180035,1142.518531
0.3600,-113.2214986,190.7551207,1142.534876
0.3650,-113.2488109,190.5896998,1142.552335
0.3700,-113.2837994,190.4216399,1142.570939
0.3750,-113.3262983,190.2527647,1142.590558
0.3800,-113.3755334,190.0826378,1142.611173
0.3850,-113.4316618,189.9110499,1142.632862
0.3900,-113.4949451,189.7381412,1142.655632
0.3950,-113.5630642,189.5638091,1142.679352
0.4000,-113.6366197,189.3882368,1142.704139
0.4050,-113.7138592,189.2118602,1142.729845
0.4100,-113.7935719,189.034282,1142.75641
0.4150,-113.8754927,188.8563634,1142.783754
0.4200,-113.9586054,188.6781132,1142.811825
0.4250,-114.0415676,188.4994171,1142.840515
0.4300,-114.125337,188.3217245,1142.86978
0.4350,-114.2080477,188.1435927,1142.899618
0.4400,-114.2898276,187.9667591,1142.929849
0.4450,-114.3706567,187.7908412,1142.960476
0.4500,-114.4508637,187.6156327,1142.991568
0.4550,-114.5301085,187.4430213,1143.022863
0.4600,-114.6077773,187.2721407,1143.054403
0.4650,-114.6841125,187.1046478,1143.086075
0.4700,-114.758573,186.9398077,1143.117868
0.4750,-114.8307872,186.7781683,1143.149657
0.4800,-114.9016214,186.6204645,1143.181481
0.4850,-114.9705789,186.464958,1143.213409
0.4900,-115.0392553,186.3118285,1143.245537
0.4950,-115.106777,186.161647,1143.277715
0.5000,-115.1740308,186.0146014,1143.309998
0.5050,-115.2412482,185.8709944,1143.342347
0.5100,-115.3081517,185.7290872,1143.374778
0.5150,-115.3749208,185.5904236,1143.407226
0.5200,-115.4419477,185.4540634,1143.439734
0.5250,-115.5092452,185.3199348,1143.472241
0.5300,-115.5758715,185.1876758,1143.504632
0.5350,-115.6431465,185.0580012,1143.53695
0.5400,-115.7108978,184.9298785,1143.569098
0.5450,-115.7791712,184.8035227,1143.601069
0.5500,-115.8489772,184.6805564,1143.632769
0.5550,-115.9203598,184.5598207,1143.664257
0.5600,-115.9940101,184.4420065,1143.69544
0.5650,-116.0692251,184.3264301,1143.726254
0.5700,-116.1479739,184.2147764,1143.756678
0.5750,-116.2303053,184.1059935,1143.78673
0.5800,-116.3163516,184.00002,1143.816416
0.5850,-116.4063902,183.8971315,1143.845702
0.5900,-116.5002465,183.7964048,1143.874581
0.5950,-116.5978836,183.6979332,1143.903016
0.6000,-116.6984007,183.6003837,1143.931193
0.6050,-116.8008662,183.5030575,1143.958998
0.6100,-116.9047487,183.4059064,1143.986482
0.6150,-117.0078958,183.3091195,1144.013518
0.6200,-117.1089981,183.2113537,1144.040131
0.6250,-117.207136,183.1129553,1144.066222
0.6300,-117.3002361,183.0131541,1144.091869
0.6350,-117.3873824,182.9116988,1144.11706
0.6400,-117.4667004,182.8072542,1144.141886
0.6450,-117.5366276,182.7002943,1144.166184
0.6500,-117.5967196,182.5908449,1144.189887
0.6550,-117.6463313,182.4781502,1144.213103
0.6600,-117.6842533,182.3625511,1144.235687
0.6650,-117.7110336,182.2449996,1144.257554
0.6700,-117.7270864,182.124762,1144.278826
0.6750,-117.7326589,182.0013599,1144.299539
0.6800,-117.7289978,181.8748045,1144.319936
0.6850,-117.7164258,181.7466304,1144.339886
0.6900,-117.6948173,181.6163756,1144.359496
0.6950,-117.6648281,181.4840245,1144.378872
0.7000,-117.6249575,181.3504349,1144.397818
0.7050,-117.5753,181.2140494,1144.41662
0.7100,-117.5165085,181.0743178,1144.435409
0.7150,-117.445435,180.9307676,1144.454077
0.7200,-117.3631396,180.7840264,1144.472632
0.7250,-117.2688885,180.6337942,1144.49109
0.7300,-117.1603057,180.4788784,1144.509464
0.7350,-117.0377624,180.3210089,1144.527656
0.7400,-116.9007095,180.1593332,1144.545783
0.7450,-116.7482596,179.9949385,1144.563654
0.7500,-116.5810099,179.8278894,1144.581361
0.7550,-116.39917,179.6587115,1144.59891
0.7600,-116.2031953,179.4890699,1144.616285
0.7650,-115.9934249,179.3191285,1144.633562
0.7700,-115.771464,179.1492473,1144.650813
0.7750,-115.5386852,178.9803715,1144.668172
0.7800,-115.2946186,178.8121016,1144.685635
0.7850,-115.0404078,178.6458976,1144.7031
0.7900,-114.7762541,178.4828647,1144.720515
0.7950,-114.5042647,178.3223127,1144.73811
0.8000,-114.2249256,178.1639113,1144.756005
0.8050,-113.9389351,178.0076708,1144.77418
0.8100,-113.6479806,177.8546506,1144.792724
0.8150,-113.3532946,177.7039769,1144.811782
0.8200,-113.0563909,177.5559892,1144.831456
0.8250,-112.7577752,177.4106341,1144.851855
0.8300,-112.4596738,177.2685994,1144.873093
0.8350,-112.1620746,177.1292454,1144.895176
0.8400,-111.8664466,176.9944836,1144.918089
0.8450,-111.5729158,176.8629923,1144.941958
0.8500,-111.2819583,176.7347937,1144.966778
0.8550,-110.993601,176.6097132,1144.992551
0.8600,-110.7076363,176.4874063,1145.019227
0.8650,-110.4238918,176.3689046,1145.046693
0.8700,-110.1431221,176.2526706,1145.075066
0.8750,-109.8645663,176.1391455,1145.10426
0.8800,-109.5892752,176.028338,1145.134251
0.8850,-109.3186125,175.9210132,1145.165036
0.8900,-109.0528331,175.8175625,1145.196672
0.8950,-108.7932891,175.7182448,1145.229265
0.9000,-108.5408196,175.6235897,1145.262662
0.9050,-108.2961076,175.5336946,1145.296992
0.9100,-108.0609623,175.4488223,1145.332279
0.9150,-107.8353103,175.3685718,1145.368426
0.9200,-107.6198966,175.2922941,1145.405613
0.9250,-107.4155582,175.2197367,1145.443811
0.9300,-107.2224935,175.1513102,1145.482883
0.9350,-107.0401985,175.0860473,1145.522867
0.9400,-106.8677762,175.0249115,1145.563579
0.9450,-106.7042945,174.9670542,1145.604955
0.9500,-106.5483908,174.9116057,1145.647131
0.9550,-106.398509,174.8592516,1145.689946
0.9600,-106.2528609,174.809319,1145.733378
0.9650,-106.1094419,174.7605734,1145.77759
0.9700,-105.9665805,174.7141933,1145.82232
0.9750,-105.8219545,174.6695185,1145.867679
0.9800,-105.6734127,174.6270159,1145.913426
0.9850,-105.5201841,174.585902,1145.95971
0.9900,-105.3621759,174.5466701,1146.00645
0.9950,-105.1995714,174.5091521,1146.053646
1.0000,-105.0335803,174.4734748,1146.101369
1.0050,-104.8667399,174.4407876,1146.149507
1.0100,-104.6985021,174.412043,1146.1979
1.0150,-104.5327971,174.3880642,1146.246611
1.0200,-104.3695689,174.3686134,1146.295676
1.0250,-104.2105078,174.3537624,1146.345187
1.0300,-104.057449,174.3442175,1146.395093
1.0350,-103.9111161,174.3396686,1146.44548
1.0400,-103.7729542,174.3390307,1146.496605
1.0450,-103.6431117,174.342202,1146.548509
1.0500,-103.521156,174.3491302,1146.601131
1.0550,-103.4058172,174.3585269,1146.654715
1.0600,-103.2976888,174.3705142,1146.709148
1.0650,-103.1954701,174.3836218,1146.764629
1.0700,-103.0967354,174.3976249,1146.821109
1.0750,-103.0006626,174.4105798,1146.878794
1.0800,-102.9069268,174.4230295,1146.937566
1.0850,-102.8145281,174.4347661,1146.99749
1.0900,-102.7221056,174.4446911,1147.058671
1.0950,-102.6284072,174.4532215,1147.120936
1.1000,-102.5328389,174.460731,1147.18429
1.1050,-102.4350982,174.4665391,1147.24883
1.1100,-102.3349616,174.4716549,1147.314382
1.1150,-102.2323362,174.4761114,1147.380987
1.1200,-102.127588,174.4798183,1147.448676
1.1250,-102.0196687,174.4832216,1147.517231
1.1300,-101.9095416,174.4869424,1147.586543
1.1350,-101.7979196,174.4916889,1147.65657
1.1400,-101.6850375,174.4965511,1147.727343
1.1450,-101.5727443,174.5024208,1147.79874
1.1500,-101.4609831,174.508655,1147.870801
1.1550,-101.3518532,174.5162613,1147.943343
1.1600,-101.2464087,174.5251761,1148.016459
1.1650,-101.1468841,174.5366403,1148.089991
1.1700,-101.0538102,174.5507998,1148.163939
1.1750,-100.9683634,174.5670771,1148.238397
1.1800,-100.8911965,174.5870746,1148.313098
1.1850,-100.8218944,174.6097053,1148.388065
1.1900,-100.7617125,174.635206,1148.463279
1.1950,-100.7103047,174.6634624,1148.538674
1.2000,-100.6671118,174.692757,1148.614463
1.2050,-100.6319771,174.724538,1148.690383
1.2100,-100.6030149,174.7574202,1148.766553
1.2150,-100.5811348,174.790701,1148.843115
1.2200,-100.5649199,174.8244896,1148.919997
1.2250,-100.5535361,174.8581443,1148.997359
1.2300,-100.5462091,174.8918497,1149.075015
1.2350,-100.5426132,174.925142,1149.153153
1.2400,-100.5434963,174.9578338,1149.231768
1.2450,-100.5480027,174.9904089,1149.310866
1.2500,-100.5567219,175.0234801,1149.390296
1.2550,-100.5696507,175.0572676,1149.470093
1.2600,-100.5877776,175.0917604,1149.550282
1.2650,-100.611905,175.1283277,1149.630703
1.2700,-100.6416883,175.1667706,1149.711469
1.2750,-100.6782974,175.2074132,1149.792473
1.2800,-100.7213958,175.2500356,1149.873776
1.2850,-100.7713724,175.2944286,1149.955354
1.2900,-100.8265708,175.3410739,1150.03703
1.2950,-100.8866482,175.3898608,1150.118807
1.3000,-100.9504837,175.4403163,1150.200634
1.3050,-101.0164222,175.4923818,1150.282449
1.3100,-101.0837097,175.5453364,1150.364297
1.3150,-101.1514169,175.6003986,1150.445984
1.3200,-101.2195229,175.656207,1150.527693
1.3250,-101.2875815,175.7155976,1150.609026
1.3300,-101.3549386,175.7771247,1150.690245
1.3350,-101.4217653,175.8412146,1150.771281
1.3400,-101.4871027,175.9087865,1150.852004
1.3450,-101.5513025,175.9789576,1150.932498
1.3500,-101.6134374,176.0528055,1151.012579
1.3550,-101.6749612,176.1298561,1151.092361
1.3600,-101.7351758,176.2099336,1151.171771
1.3650,-101.7941443,176.2927329,1151.250859
1.3700,-101.8530148,176.3784143,1151.329655
1.3750,-101.9113719,176.4680832,1151.407868
1.3800,-101.9688852,176.5607992,1151.485686
1.3850,-102.0263033,176.6572131,1151.56305
1.3900,-102.0851508,176.7561547,1151.640122
1.3950,-102.1451247,176.8584243,1151.716878
1.4000,-102.2077947,176.9634002,1151.793367
1.4050,-102.2728696,177.0717835,1151.86953
1.4100,-102.3402086,177.1811664,1151.945613
1.4150,-102.4103442,177.2924726,1152.021464
1.4200,-102.4812073,177.4053854,1152.096967
1.4250,-102.5548168,177.5199653,1152.172216
1.4300,-102.6307912,177.6353943,1152.247187
1.4350,-102.7092327,177.751282,1152.321948
1.4400,-102.7909386,177.867429,1152.396455
1.4450,-102.8751687,177.9835406,1152.470667
1.4500,-102.9625847,178.1003935,1152.544592
1.4550,-103.0525908,178.217562,1152.618203
1.4600,-103.1451591,178.3350643,1152.691482
1.4650,-103.2401096,178.4517227,1152.764611
1.4700,-103.3361767,178.5679963,1152.837408
1.4750,-103.4324401,178.6832452,1152.909873
1.4800,-103.5281063,178.7972908,1152.981998
1.4850,-103.6222959,178.9092986,1153.053895
1.4900,-103.7136643,179.0183544,1153.125514
1.4950,-103.8008559,179.1242353,1153.196694
1.5000,-103.8835924,179.2272805,1153.267394
1.5050,-103.96116,179.3273583,1153.337589
1.5100,-104.0335737,179.4237755,1153.407248
1.5150,-104.0993844,179.5176244,1153.476205
1.5200,-104.1596668,179.6085328,1153.544544
1.5250,-104.2137648,179.6974024,1153.612011
1.5300,-104.261554,179.7827596,1153.678884
1.5350,-104.3028604,179.8651552,1153.745033
1.5400,-104.3368363,179.9453202,1153.810344
1.5450,-104.3631663,180.0225903,1153.874756
1.5500,-104.3821906,180.0967562,1153.938381
1.5550,-104.3938614,180.1671669,1154.001181
1.5600,-104.3980778,180.2337895,1154.063163
1.5650,-104.3949245,180.297284,1154.124141
1.5700,-104.3856917,180.3572042,1154.184171
1.5750,-104.370421,180.414913,1154.243066
1.5800,-104.3496872,180.4712632,1154.300658
1.5850,-104.3235365,180.5262043,1154.356892
1.5900,-104.2944053,180.5798581,1154.411949
1.5950,-104.2621244,180.6340038,1154.465588
1.6000,-104.2272223,180.6883433,1154.517956
1.6050,-104.1895692,180.7426714,1154.569011
1.6100,-104.1499178,180.7977466,1154.618725
1.6150,-104.1080739,180.851991,1154.667325
1.6200,-104.0634468,180.908049,1154.714372
1.6250,-104.0155623,180.9628565,1154.760169
1.6300,-103.965202,181.0185055,1154.804484
1.6350,-103.9122962,181.0736324,1154.847406
1.6400,-103.8567333,181.1285998,1154.888864
1.6450,-103.7993322,181.1835459,1154.928954
1.6500,-103.741575,181.2379077,1154.967895
1.6550,-103.6826428,181.2925109,1155.005556
1.6600,-103.6226691,181.3467136,1155.042073
1.6650,-103.5624081,181.4004589,1155.077529
1.6700,-103.5023511,181.4545456,1155.111881
1.6750,-103.4435263,181.508395,1155.14542
1.6800,-103.3868682,181.561816,1155.178249
1.6850,-103.3318713,181.6146728,1155.210325
1.6900,-103.2794489,181.6667213,1155.241923
1.6950,-103.2307188,181.7185372,1155.272931
1.7000,-103.1843652,181.7703329,1155.303291
1.7050,-103.1419242,181.8218694,1155.333112
1.7100,-103.1043173,181.8744696,1155.362379
1.7150,-103.0728413,181.9275178,1155.391197
1.7200,-103.0496535,181.9816712,1155.419775
1.7250,-103.0343646,182.036795,1155.448129
1.7300,-103.0266945,182.0930454,1155.476389
1.7350,-103.0276878,182.1505804,1155.504659
1.7400,-103.0369895,182.2087431,1155.533093
1.7450,-103.054456,182.2672535,1155.561774
1.7500,-103.0804423,182.3249062,1155.590827
1.7550,-103.1133235,182.3820187,1155.620163
1.7600,-103.1529591,182.4378322,1155.649825
1.7650,-103.1991934,182.492798,1155.679782
1.7700,-103.2521424,182.5458371,1155.710228
1.7750,-103.3133542,182.5979098,1155.741179
1.7800,-103.3821521,182.6483963,1155.772629
1.7850,-103.4585174,182.6979366,1155.804549
1.7900,-103.5433072,182.7475963,1155.837029
1.7950,-103.6365535,182.796942,1155.870161
1.8000,-103.7374498,182.84666,1155.903708
1.8050,-103.8467373,182.8957948,1155.937878
1.8100,-103.9627994,182.9456025,1155.972434
1.8150,-104.0875622,182.9956269,1156.007527
1.8200,-104.2199546,183.0462522,1156.042952
1.8250,-104.3594109,183.0973635,1156.078588
1.8300,-104.5063884,183.1508581,1156.114263
1.8350,-104.6614625,183.2063761,1156.149913
1.8400,-104.8244271,183.2638262,1156.185557
1.8450,-104.9966214,183.3253449,1156.221128
1.8500,-105.1775617,183.3903423,1156.256683
1.8550,-105.3678178,183.4596054,1156.292262
1.8600,-105.5664242,183.533981,1156.32768
1.8650,-105.7742801,183.6129621,1156.363214
1.8700,-105.9898523,183.6963731,1156.398803
1.8750,-106.2132135,183.7823086,1156.434752
1.8800,-106.4436096,183.8708137,1156.471048
1.8850,-106.6809891,183.9618485,1156.507776
1.8900,-106.9231589,184.0542386,1156.544806
1.8950,-107.1690503,184.1469058,1156.582204
1.9000,-107.4184207,184.2393148,1156.620005
1.9050,-107.6709503,184.3321085,1156.658168
1.9100,-107.9256713,184.4254494,1156.69656
1.9150,-108.1817789,184.519502,1156.735032
1.9200,-108.4399229,184.6136457,1156.773696
1.9250,-108.698867,184.7084399,1156.812364
1.9300,-108.9581303,184.802475,1156.851087
1.9350,-109.2174592,184.8974084,1156.889572
1.9400,-109.4763571,184.9918965,1156.927919
1.9450,-109.734712,185.0869037,1156.965948
1.9500,-109.9913248,185.1815844,1157.0035
1.9550,-110.2465432,185.2772291,1157.040458
1.9600,-110.5003098,185.3739168,1157.076713
1.9650,-110.7525262,185.4723832,1157.112156
1.9700,-111.003598,185.5718767,1157.146769
1.9750,-111.2529136,185.6725212,1157.18042
1.9800,-111.5009079,185.7753165,1157.213009
1.9850,-111.7487556,185.8787056,1157.244932
1.9900,-111.9945869,185.9841829,1157.275657
1.9950,-112.2389916,186.090649,1157.305472
2.0000,-112.4827035,186.1977699,1157.334441
2.0050,-112.7259952,186.3059008,1157.362654
2.0100,-112.9700372,186.4149807,1157.390201
2.0150,-113.2144655,186.5237963,1157.417167
2.0200,-113.4594618,186.6319959,1157.443554
2.0250,-113.7054381,186.7394548,1157.469499
2.0300,-113.9527262,186.845713,1157.495017
2.0350,-114.2012347,186.9494864,1157.520218
2.0400,-114.4510786,187.0516623,1157.54505
2.0450,-114.7021983,187.1524117,1157.56933
2.0500,-114.9555892,187.2516389,1157.593391
2.0550,-115.2123062,187.3487418,1157.617455
2.0600,-115.4728823,187.4440321,1157.641612
2.0650,-115.7367507,187.5372324,1157.665746
2.0700,-116.0060952,187.6295997,1157.690181
2.0750,-116.279673,187.7211733,1157.714772
2.0800,-116.5581962,187.8125639,1157.739663
2.0850,-116.8417372,187.9037701,1157.764878
2.0900,-117.130799,187.9943329,1157.790543
2.0950,-117.4248022,188.0846464,1157.816622
2.1000,-117.7238241,188.1749478,1157.843215
2.1050,-118.0272011,188.2650381,1157.870218
2.1100,-118.3360778,188.3551353,1157.897889
2.1150,-118.6484377,188.4448715,1157.925887
2.1200,-118.9638943,188.5338552,1157.954266
2.1250,-119.2825934,188.6218064,1157.983179
2.1300,-119.6036714,188.7083651,1158.012464
2.1350,-119.9272752,188.7939077,1158.042154
2.1400,-120.2543596,188.8778497,1158.072322
2.1450,-120.5843677,188.959734,1158.102843
2.1500,-120.9180427,189.040581,1158.133563
2.1550,-121.2545595,189.1200499,1158.164408
2.1600,-121.5958344,189.1986488,1158.195634
2.1650,-121.9406654,189.2753168,1158.227129
2.1700,-122.2898361,189.3506044,1158.259001
2.1750,-122.6428416,189.4250264,1158.291121
2.1800,-123.0007622,189.4983707,1158.323699
2.1850,-123.3620257,189.570727,1158.356394
2.1900,-123.7282738,189.6423015,1158.389538
2.1950,-124.1003653,189.7127314,1158.423366
2.2000,-124.4786956,189.7833911,1158.457699
2.2050,-124.8635995,189.8539272,1158.492688
2.2100,-125.256501,189.9250505,1158.528527
2.2150,-125.6574268,189.9967745,1158.565245
2.2200,-126.0671466,190.0703079,1158.602953
2.2250,-126.4858456,190.1461433,1158.641608
2.2300,-126.914084,190.2248814,1158.681368
2.2350,-127.3517016,190.3061738,1158.722372
2.2400,-127.7998593,190.3914305,1158.764772
2.2450,-128.2586935,190.4813479,1158.808718
2.2500,-128.7284756,190.5759155,1158.854395
2.2550,-129.2090475,190.6734765,1158.901984
2.2600,-129.7011489,190.7738369,1158.951778
2.2650,-130.2057464,190.8768689,1159.004038
2.2700,-130.7211165,190.9827049,1159.058621
2.2750,-131.2477966,191.0910148,1159.115661
2.2800,-131.7866998,191.2011411,1159.175528
2.2850,-132.3371125,191.3140753,1159.237958
2.2900,-132.9005736,191.4301596,1159.303381
2.2950,-133.4769496,191.5493196,1159.371954
2.3000,-134.0671438,191.6717361,1159.443926
2.3050,-134.6721644,191.7980645,1159.519616
2.3100,-135.2899844,191.9287425,1159.598812
2.3150,-135.9211164,192.0638837,1159.681739
2.3200,-136.5660053,192.2034863,1159.768832
2.3250,-137.2240202,192.3469053,1159.860053
2.3300,-137.8955653,192.4944091,1159.955662
2.3350,-138.5796655,192.6462416,1160.055576
2.3400,-139.2753367,192.8015044,1160.159672
2.3450,-139.981896,192.9599832,1160.268044
2.3500,-140.6985097,193.1202095,1160.380532
2.3550,-141.4250542,193.2827189,1160.497255
2.3600,-142.1616723,193.4470842,1160.618392
2.3650,-142.9076786,193.6126726,1160.743979
2.3700,-143.6613061,193.7789049,1160.873625
2.3750,-144.4224389,193.9456009,1161.007401
2.3800,-145.1902385,194.1123789,1161.145308
2.3850,-145.965234,194.2787254,1161.287735
2.3900,-146.7444033,194.4443758,1161.434101
2.3950,-147.5285048,194.6082246,1161.584815
2.4000,-148.3160912,194.769831,1161.739546
2.4050,-149.1049248,194.928208,1161.897823
2.4100,-149.8945022,195.0826858,1162.059563
2.4150,-150.6833178,195.2330236,1162.224368
2.4200,-151.4706727,195.378509,1162.39213
2.4250,-152.2548889,195.5187133,1162.562291
2.4300,-153.0356754,195.6528942,1162.734774
2.4350,-153.8103687,195.7812082,1162.908616
2.4400,-154.5768362,195.9040137,1163.083074
2.4450,-155.3351497,196.0200651,1163.2581
2.4500,-156.0834914,196.1292199,1163.433115
2.4550,-156.8214368,196.2317912,1163.607877
2.4600,-157.5475741,196.326702,1163.781848
2.4650,-158.2613734,196.4148085,1163.954545
2.4700,-158.963236,196.4956179,1164.125939
2.4750,-159.6520568,196.5692124,1164.295476
2.4800,-160.3275666,196.6347009,1164.462872
2.4850,-160.9907371,196.6932854,1164.628311
2.4900,-161.6399455,196.7440754,1164.791103
2.4950,-162.2745833,196.7881197,1164.950542
2.5000,-162.8950886,196.8256237,1165.106787
2.5050,-163.5009916,196.857214,1165.259233
2.5100,-164.0915032,196.8824745,1165.407724
2.5150,-164.6672258,196.9017794,1165.552379
2.5200,-165.2261519,196.9151302,1165.692493
2.5250,-165.770567,196.9216512,1165.828797
2.5300,-166.2996243,196.9220689,1165.960804
2.5350,-166.8128969,196.9152474,1166.088364
2.5400,-167.3100313,196.9013694,1166.211297
2.5450,-167.7903698,196.8791924,1166.329403
2.5500,-168.2536623,196.8488273,1166.442353
2.5550,-168.6999579,196.8110879,1166.549948
2.5600,-169.1285007,196.7661409,1166.651663
2.5650,-169.5397515,196.7142319,1166.747491
2.5700,-169.9351956,196.6549975,1166.837791
2.5750,-170.3152607,196.5891567,1166.922475
2.5800,-170.6810114,196.5178847,1167.00173
2.5850,-171.033335,196.4424038,1167.075737
2.5900,-171.3726324,196.3633893,1167.144496
2.5950,-171.7001357,196.2825138,1167.208352
2.6000,-172.0164567,196.1999367,1167.267395
2.6050,-172.3207435,196.1153336,1167.321155
2.6100,-172.6146767,196.0292483,1167.370053
2.6150,-172.8985652,195.9424364,1167.413868
2.6200,-173.1725012,195.8551904,1167.452312
2.6250,-173.4376538,195.7679809,1167.485641
2.6300,-173.694818,195.6813851,1167.51402
2.6350,-173.9445472,195.5969808,1167.537443
2.6400,-174.1880537,195.5159819,1167.556461
2.6450,-174.4264842,195.4398464,1167.571417
2.6500,-174.6611595,195.3710927,1167.582919
2.6550,-174.891879,195.3104468,1167.590894
2.6600,-175.1190031,195.2591166,1167.595388
2.6650,-175.3434735,195.217451,1167.597109
2.6700,-175.5653491,195.1849426,1167.596162
2.6750,-175.7848522,195.1610634,1167.59287
2.6800,-176.0017069,195.1451065,1167.587317
2.6850,-176.2150606,195.1370007,1167.579204
2.6900,-176.4254847,195.1366708,1167.568731
2.6950,-176.6331146,195.1438354,1167.556207
2.7000,-176.8370572,195.1583189,1167.541386
2.7050,-177.038974,195.1805578,1167.525031
2.7100,-177.2382869,195.2098552,1167.506938
2.7150,-177.4351035,195.2468921,1167.48735
2.7200,-177.6289238,195.2912918,1167.466116
2.7250,-177.8201777,195.3437539,1167.443477
2.7300,-178.0083295,195.4037469,1167.419442
2.7350,-178.1942116,195.4705731,1167.39468
2.7400,-178.3779382,195.5430826,1167.369379
2.7450,-178.5576745,195.621764,1167.342984
2.7500,-178.7334605,195.705424,1167.31568
2.7550,-178.9050808,195.7921375,1167.287392
2.7600,-179.0710321,195.8809776,1167.257624
2.7650,-179.2316228,195.9700754,1167.226697
2.7700,-179.3844201,196.0585134,1167.193761
2.7750,-179.5308557,196.1456919,1167.159484
2.7800,-179.6705825,196.2307493,1167.123827
2.7850,-179.8031715,196.3124582,1167.086612
2.7900,-179.929515,196.3908687,1167.048279
2.7950,-180.0499853,196.4661128,1167.009117
2.8000,-180.1642755,196.536389,1166.968909
2.8050,-180.2730483,196.6017668,1166.928133
2.8100,-180.3762104,196.6612082,1166.886561
2.8150,-180.4738331,196.7163659,1166.844083
2.8200,-180.5670579,196.7653234,1166.800994
2.8250,-180.6551267,196.8097202,1166.756968
2.8300,-180.7381474,196.84883,1166.711865
2.8350,-180.8176917,196.8838827,1166.666239
2.8400,-180.893318,196.9153557,1166.61973
2.8450,-180.9652933,196.9433857,1166.571945
2.8500,-181.0342389,196.9687899,1166.522953
2.8550,-181.1005652,196.9920351,1166.472776
2.8600,-181.1650244,197.0136954,1166.421624
2.8650,-181.2275397,197.0348202,1166.369239
2.8700,-181.2879295,197.0561693,1166.315413
2.8750,-181.3474902,197.0785087,1166.260506
2.8800,-181.4055119,197.1028197,1166.204182
2.8850,-181.4635404,197.1280186,1166.147015
2.8900,-181.5218925,197.1544331,1166.088947
2.8950,-181.5810748,197.1806054,1166.030097
2.9000,-181.6409724,197.2072432,1165.970439
2.9050,-181.7032357,197.2345317,1165.910577
2.9100,-181.7686261,197.2617599,1165.850937
2.9150,-181.837541,197.2885847,1165.791889
2.9200,-181.9113646,197.3147779,1165.734169
2.9250,-181.9899126,197.3415121,1165.6778
2.9300,-182.0741784,197.3673737,1165.623285
2.9350,-182.1652042,197.3907018,1165.571322
2.9400,-182.2636579,197.4116823,1165.522213
2.9450,-182.3716843,197.4293941,1165.477206
2.9500,-182.4885981,197.4420009,1165.436108
2.9550,-182.6172757,197.4489691,1165.400331
2.9600,-182.7577893,197.4498113,1165.370329
2.9650,-182.9113284,197.4440857,1165.3467
2.9700,-183.0777109,197.4320286,1165.329705
2.9750,-183.2580037,197.4136814,1165.319926
2.9800,-183.4530982,197.3884021,1165.317782
2.9850,-183.6631715,197.3562505,1165.323609
2.9900,-183.8893272,197.3169009,1165.338113
2.9950,-184.1310815,197.2713525,1165.361111
3.0000,-184.3891582,197.2193219,1165.393153
3.0050,-184.6636173,197.1613444,1165.434319
3.0100,-184.9542581,197.09867,1165.484839
3.0150,-185.261058,197.0320644,1165.544699
3.0200,-185.5832907,196.9625837,1165.613663
3.0250,-185.9199127,196.8906844,1165.691418
3.0300,-186.270728,196.8177963,1165.777938
3.0350,-186.6349264,196.7434975,1165.872845
3.0400,-187.0110086,196.6677364,1165.975613
3.0450,-187.3986137,196.5908363,1166.086142
3.0500,-187.795531,196.5118421,1166.203451
3.0550,-188.2013921,196.4309009,1166.327472
3.0600,-188.6145117,196.348031,1166.457554
3.0650,-189.033504,196.261803,1166.593102
3.0700,-189.4587476,196.1732963,1166.734303
3.0750,-189.8886714,196.0819231,1166.88048
3.0800,-190.3216624,195.987735,1167.030838
3.0850,-190.7576055,195.889911,1167.185342
3.0900,-191.1953716,195.7896135,1167.343377
3.0950,-191.6342597,195.6859592,1167.504667
3.1000,-192.0742666,195.5797403,1167.66902
3.1050,-192.5144576,195.470975,1167.835836
3.1100,-192.9541555,195.3605992,1168.004798
3.1150,-193.3930013,195.2461767,1168.175763
3.1200,-193.8300595,195.1295172,1168.348033
3.1250,-194.2648511,195.0095827,1168.521175
3.1300,-194.6966694,194.8873811,1168.694758
3.1350,-195.1240716,194.7617754,1168.867933
3.1400,-195.5463992,194.6335138,1169.040063
3.1450,-195.9632488,194.5026397,1169.21088
3.1500,-196.3738793,194.3705961,1169.379879
3.1550,-196.7779829,194.2363165,1169.546846
3.1600,-197.1743821,194.1006838,1169.710934
3.1650,-197.5629866,193.9632844,1169.872009
3.1700,-197.9441921,193.8248645,1170.029968
3.1750,-198.3165889,193.6860198,1170.184058
3.1800,-198.6802858,193.5467979,1170.334074
3.1850,-199.0339806,193.4071198,1170.479262
3.1900,-199.3779506,193.2661306,1170.619722
3.1950,-199.7111555,193.1243556,1170.754781
3.2000,-200.0332201,192.9808946,1170.884134
3.2050,-200.3446048,192.8340969,1171.008179
3.2100,-200.6446516,192.6844386,1171.126515
3.2150,-200.9339061,192.5325178,1171.239206
3.2200,-201.2124357,192.3783093,1171.34632
3.2250,-201.4814983,192.2209758,1171.448511
3.2300,-201.7407677,192.0603603,1171.545753
3.2350,-201.991041,191.8985764,1171.638423
3.2400,-202.2332723,191.7350198,1171.727137
3.2450,-202.4665543,191.5699081,1171.811549
3.2500,-202.6918636,191.4035056,1171.892248
3.2550,-202.9088432,191.2353467,1171.969045
3.2600,-203.1184331,191.0654401,1172.042458
3.2650,-203.320533,190.8944662,1172.112445
3.2700,-203.5156705,190.7217369,1172.17952
3.2750,-203.7040965,190.5474966,1172.243938
3.2800,-203.8857141,190.3714317,1172.305864
3.2850,-204.0615181,190.1942632,1172.365876
3.2900,-204.2311861,190.0155667,1172.424064
3.2950,-204.3952762,189.8355868,1172.480663
3.3000,-204.5546136,189.6552311,1172.536156
3.3050,-204.709452,189.4743685,1172.590933
3.3100,-204.8596939,189.2932115,1172.644819
3.3150,-205.0058891,189.1123403,1172.698314
3.3200,-205.1484529,188.9322202,1172.75165
3.3250,-205.2882947,188.7537773,1172.805337
3.3300,-205.4247219,188.5760633,1172.859138
3.3350,-205.5569899,188.4015474,1172.912788
3.3400,-205.6855601,188.2308407,1172.966518
3.3450,-205.8099807,188.0636103,1173.020231
3.3500,-205.930483,187.900718,1173.0741
3.3550,-206.0458052,187.743347,1173.127464
3.3600,-206.1566678,187.5924453,1173.180666
3.3650,-206.2628549,187.4495607,1173.233626
3.3700,-206.3633224,187.3151622,1173.285764
3.3750,-206.4571648,187.1885761,1173.336708
3.3800,-206.5445342,187.0713115,1173.38648
3.3850,-206.6232981,186.9635828,1173.434056
3.3900,-206.693868,186.864522,1173.479796
3.3950,-206.7557799,186.7736638,1173.523473
3.4000,-206.8078932,186.6905428,1173.5645
3.4050,-206.8499159,186.6144301,1173.602921
3.4100,-206.8817915,186.5442108,1173.63855
3.4150,-206.9028918,186.4803854,1173.670863
3.4200,-206.9133672,186.4215596,1173.700055
3.4250,-206.9127352,186.3668397,1173.725905
3.4300,-206.9009923,186.3153212,1173.748436
3.4350,-206.878327,186.2672295,1173.767631
3.4400,-206.8460579,186.2201004,1173.784383
3.4450,-206.8035793,186.1741512,1173.798386
3.4500,-206.751896,186.1274972,1173.81046
3.4550,-206.6907419,186.0798972,1173.820355
3.4600,-206.6201474,186.0301822,1173.828248
3.4650,-206.5401648,185.9777441,1173.834263
3.4700,-206.4504231,185.9212174,1173.838396
3.4750,-206.351015,185.8592768,1173.840796
3.4800,-206.2414914,185.7908287,1173.841302
3.4850,-206.1221904,185.7158732,1173.840028
3.4900,-205.9934555,185.6342734,1173.837259
3.4950,-205.8560216,185.5458273,1173.83332
3.5000,-205.7114411,185.4507485,1173.829058
3.5050,-205.5589861,185.3498951,1173.823864
3.5100,-205.3997926,185.2432456,1173.81831
3.5150,-205.2351146,185.1306811,1173.81321
3.5200,-205.0646013,185.0132817,1173.808304
3.5250,-204.8882934,184.8916296,1173.803463
3.5300,-204.7077588,184.7678328,1173.79929
3.5350,-204.5227163,184.6411002,1173.795549
3.5400,-204.3341364,184.5119386,1173.792495
3.5450,-204.1424692,184.3808293,1173.790065
3.5500,-203.9488953,184.2494943,1173.788613
3.5550,-203.7537939,184.1177134,1173.788208
3.5600,-203.5572929,183.985751,1173.788786
3.5650,-203.3606731,183.8536044,1173.790739
3.5700,-203.1646346,183.723252,1173.794114
3.5750,-202.9706132,183.594937,1173.799531
3.5800,-202.779137,183.4701999,1173.806963
3.5850,-202.5904557,183.3495841,1173.816556
3.5900,-202.4057625,183.2349751,1173.828536
3.5950,-202.2245965,183.1261924,1173.842824
3.6000,-202.0481799,183.0234301,1173.860055
3.6050,-201.8761256,182.9278903,1173.879896
3.6100,-201.7087049,182.8405495,1173.90237
3.6150,-201.5469905,182.7598243,1173.92817
3.6200,-201.391183,182.6869573,1173.957308
3.6250,-201.2408545,182.6207242,1173.989568
3.6300,-201.0962098,182.560932,1174.024971
3.6350,-200.9578025,182.5074806,1174.063597
3.6400,-200.8249932,182.4600815,1174.105086
3.6450,-200.6982574,182.4177649,1174.149742
3.6500,-200.5775443,182.3811924,1174.197495
3.6550,-200.4624471,182.3496075,1174.248017
3.6600,-200.3532908,182.3214122,1174.301536
3.6650,-200.2492866,182.2965988,1174.35768
3.6700,-200.1505513,182.2744628,1174.416495
3.6750,-200.0573489,182.2558781,1174.477941
3.6800,-199.969559,182.2395046,1174.542038
3.6850,-199.8880013,182.2253806,1174.609131
3.6900,-199.8122871,182.2131627,1174.678889
3.6950,-199.7421375,182.2026104,1174.751238
3.7000,-199.6771674,182.1933113,1174.825954
3.7050,-199.6173226,182.1851819,1174.902864
3.7100,-199.5619765,182.1773384,1174.982004
3.7150,-199.5112585,182.1685945,1175.063371
3.7200,-199.4643055,182.1578192,1175.146817
3.7250,-199.4212,182.1455915,1175.232315
3.7300,-199.3817365,182.1310455,1175.319941
3.7350,-199.3453615,182.1145322,1175.409449
3.7400,-199.3109932,182.0963817,1175.500438
3.7450,-199.279513,182.076631,1175.593368
3.7500,-199.2497673,182.0553051,1175.687544
3.7550,-199.221405,182.0319541,1175.782783
3.7600,-199.1952845,182.0060334,1175.879532
3.7650,-199.1706408,181.9777607,1175.977269
3.7700,-199.1470145,181.9464264,1176.075769
3.7750,-199.1246971,181.9110795,1176.175224
3.7800,-199.1027291,181.8721047,1176.275164
3.7850,-199.0814788,181.828699,1176.375834
3.7900,-199.0598021,181.7807078,1176.476651
3.7950,-199.0377974,181.7279579,1176.577651
3.8000,-199.0152529,181.6708988,1176.678766
3.8050,-198.9925793,181.6097611,1176.780269
3.8100,-198.9694489,181.545001,1176.881986
3.8150,-198.9444406,181.4772089,1176.983058
3.8200,-198.918664,181.4059805,1177.083888
3.8250,-198.8924122,181.331669,1177.184687
3.8300,-198.8655534,181.2545366,1177.285235
3.8350,-198.8383781,181.175091,1177.385638
3.8400,-198.810581,181.0939767,1177.485749
3.8450,-198.7819231,181.0118017,1177.585429
3.8500,-198.7524338,180.9280063,1177.684711
3.8550,-198.7224291,180.8435938,1177.783761
3.8600,-198.6923486,180.7600485,1177.882623
3.8650,-198.6621465,180.6766255,1177.981469
3.8700,-198.6321943,180.5932624,1178.080467
3.8750,-198.6017541,180.5105778,1178.179209
3.8800,-198.5722222,180.4278645,1178.278557
3.8850,-198.5430891,180.3456901,1178.377987
3.8900,-198.5142663,180.2639535,1178.477606
3.8950,-198.4865354,180.1828153,1178.577654
3.9000,-198.4592614,180.1031277,1178.677661
3.9050,-198.4324465,180.025121,1178.777455
3.9100,-198.4063009,179.9471008,1178.877297
3.9150,-198.3800305,179.870041,1178.976558
3.9200,-198.3541015,179.7938066,1179.075454
3.9250,-198.3285133,179.717872,1179.174
3.9300,-198.3031017,179.6436763,1179.272017
3.9350,-198.2785845,179.5696913,1179.370058
3.9400,-198.2549409,179.4966726,1179.468133
3.9450,-198.2326409,179.4250361,1179.566391
3.9500,-198.2115737,179.3548539,1179.664783
3.9550,-198.1920887,179.2867539,1179.763568
3.9600,-198.1741183,179.2215369,1179.862625
3.9650,-198.1569652,179.1591838,1179.961605
3.9700,-198.1396451,179.0988891,1180.060004
3.9750,-198.1217976,179.0399721,1180.157696
3.9800,-198.1030239,178.981697,1180.25463
3.9850,-198.0830033,178.9237935,1180.350602
3.9900,-198.0606679,178.8660183,1180.445043
3.9950,-198.0367474,178.8079654,1180.538311
4.0000,-198.0112327,178.7494843,1180.63051
4.0050,-197.9836524,178.6903982,1180.721435
4.0100,-197.9541346,178.6309993,1180.811101
4.0150,-197.9226019,178.5723185,1180.899576
4.0200,-197.8891312,178.5146795,1180.986673
4.0250,-197.8528021,178.4584963,1181.072073
4.0300,-197.8131912,178.4021368,1181.155757
4.0350,-197.7705504,178.3463689,1181.23771
4.0400,-197.7247289,178.2888836,1181.318124
4.0450,-197.6740134,178.22912,1181.396195
4.0500,-197.6191502,178.1661849,1181.472525
4.0550,-197.559014,178.1002205,1181.546737
4.0600,-197.4932879,178.0304208,1181.618714
4.0650,-197.4217137,177.9561291,1181.688494
4.0700,-197.3447392,177.8784666,1181.756283
4.0750,-197.2616187,177.7977824,1181.821643
4.0800,-197.1731266,177.7127083,1181.885123
4.0850,-197.0793941,177.6242275,1181.946802
4.0900,-196.9816066,177.5311993,1182.007403
4.0950,-196.8801749,177.4344729,1182.066894
4.1000,-196.7737838,177.333461,1182.12474
4.1050,-196.6635819,177.2282162,1182.181521
4.1100,-196.5492555,177.1191329,1182.237068
4.1150,-196.4315049,177.0058903,1182.291694
4.1200,-196.3097169,176.8879528,1182.345067
4.1250,-196.1839715,176.7657302,1182.397254
4.1300,-196.0540321,176.6382498,1182.448212
4.1350,-195.9214592,176.505588,1182.498727
4.1400,-195.7854735,176.36755,1182.548363
4.1450,-195.6473316,176.2239634,1182.597696
4.1500,-195.5075419,176.0759994,1182.646832
4.1550,-195.3660605,175.9239394,1182.695675
4.1600,-195.2237345,175.7681715,1182.74457
4.1650,-195.0809622,175.6101829,1182.793387
4.1700,-194.9383205,175.4499898,1182.842231
4.1750,-194.7966925,175.2885806,1182.891235
4.1800,-194.6556077,175.1276368,1182.939846
4.1850,-194.5160907,174.9671749,1182.988452
4.1900,-194.377853,174.8060594,1183.03698
4.1950,-194.2416178,174.6449426,1183.085797
4.2000,-194.1063332,174.482493,1183.134561
4.2050,-193.9724074,174.3185312,1183.183565
4.2100,-193.8395936,174.1537005,1183.232472
4.2150,-193.7082706,173.9886451,1183.281523
4.2200,-193.578324,173.8223977,1183.330833
4.2250,-193.4509852,173.656514,1183.380954
4.2300,-193.3249413,173.4892839,1183.431538
4.2350,-193.1993742,173.3218416,1183.482197
4.2400,-193.0749588,173.1525398,1183.533692
4.2450,-192.950137,172.9817365,1183.585218
4.2500,-192.8256241,172.8094762,1183.637037
4.2550,-192.699958,172.6336609,1183.688719
4.2600,-192.5740707,172.4541917,1183.740859
4.2650,-192.4476505,172.2716018,1183.793186
4.2700,-192.3214881,172.0858453,1183.846025
4.2750,-192.1959169,171.8985349,1183.899192
4.2800,-192.0709608,171.7104287,1183.952594
4.2850,-191.9485999,171.5231656,1184.006779
4.2900,-191.8290165,171.3363177,1184.062072
4.2950,-191.7122131,171.15283,1184.117923
4.3000,-191.5979735,170.9730412,1184.174173
4.3050,-191.4865489,170.7973029,1184.230872
4.3100,-191.3785087,170.626478,1184.28815
4.3150,-191.2740291,170.4595611,1184.346398
4.3200,-191.173445,170.2968665,1184.405868
4.3250,-191.0770184,170.1376455,1184.466899
4.3300,-190.9842219,169.9838446,1184.528902
4.3350,-190.8951272,169.8338695,1184.592194
4.3400,-190.8098802,169.6894517,1184.656541
4.3450,-190.7287601,169.5494581,1184.722235
4.3500,-190.6504577,169.4147216,1184.788365
4.3550,-190.5768611,169.2846319,1184.855787
4.3600,-190.5076624,169.1605045,1184.924202
4.3650,-190.4426325,169.0418721,1184.993359
4.3700,-190.3819177,168.9281408,1185.063176
4.3750,-190.3266044,168.8194117,1185.134142
4.3800,-190.2761352,168.7161404,1185.205579
4.3850,-190.2301361,168.6179918,1185.277308
4.3900,-190.1880526,168.525854,1185.348859
4.3950,-190.1499055,168.4377864,1185.420767
4.4000,-190.1160834,168.35506,1185.492939
4.4050,-190.0858309,168.276918,1185.565063
4.4100,-190.0590561,168.2029504,1185.637133
4.4150,-190.0362389,168.1326702,1185.709472
4.4200,-190.0174428,168.0676353,1185.781986
4.4250,-190.0033067,168.0074252,1185.854786
4.4300,-189.9942098,167.9527782,1185.928021
4.4350,-189.9898843,167.9038849,1186.00134
4.4400,-189.9906027,167.8606605,1186.074827
4.4450,-189.9966017,167.8241399,1186.148406
4.4500,-190.0068284,167.7931917,1186.221761
4.4550,-190.0217506,167.7683181,1186.295075
4.4600,-190.0395692,167.7480016,1186.367976
4.4650,-190.0596421,167.7321101,1186.440285
4.4700,-190.0812166,167.7187177,1186.51206
4.4750,-190.1031156,167.7072759,1186.582953
4.4800,-190.1249866,167.695327,1186.653347
4.4850,-190.1448886,167.681638,1186.722625
4.4900,-190.1627404,167.6670265,1186.790581
4.4950,-190.1771883,167.6514781,1186.856484
4.5000,-190.1887233,167.6354737,1186.920366
4.5050,-190.1961784,167.6185002,1186.981647
4.5100,-190.1996474,167.6011114,1187.040273
4.5150,-190.1986485,167.5822518,1187.095935
4.5200,-190.1934574,167.5631453,1187.148367
4.5250,-190.1830742,167.5424479,1187.197223
4.5300,-190.168174,167.5223148,1187.242291
4.5350,-190.1496471,167.5019309,1187.284081
4.5400,-190.125717,167.482164,1187.321454
4.5450,-190.0972625,167.4630946,1187.354804
4.5500,-190.063427,167.443945,1187.383858
4.5550,-190.0255477,167.4271192,1187.408729
4.5600,-189.9818001,167.411561,1187.428591
4.5650,-189.9332174,167.3986067,1187.443541
4.5700,-189.8801467,167.3884174,1187.453658
4.5750,-189.8222966,167.379688,1187.458955
4.5800,-189.7605849,167.373364,1187.459514
4.5850,-189.6928722,167.3691724,1187.454418
4.5900,-189.6208523,167.3673107,1187.444303
4.5950,-189.5443902,167.3676344,1187.429254
4.6000,-189.4639302,167.3686281,1187.409786
4.6050,-189.378777,167.3712528,1187.385449
4.6100,-189.2890035,167.3746689,1187.356561
4.6150,-189.1940715,167.3781433,1187.322995
4.6200,-189.09264,167.3825636,1187.283995
4.6250,-188.9842269,167.3864894,1187.239542
4.6300,-188.8693613,167.3897756,1187.189992
4.6350,-188.7471393,167.3926233,1187.134944
4.6400,-188.617344,167.3947006,1187.074266
4.6450,-188.4803708,167.3968881,1187.007924
4.6500,-188.3372411,167.3987061,1186.936404
4.6550,-188.1868754,167.4003871,1186.859184
4.6600,-188.0294858,167.4018002,1186.776316
4.6650,-187.8655194,167.4032297,1186.688116
4.6700,-187.6944266,167.4040474,1186.594515
4.6750,-187.5170259,167.4047244,1186.495751
4.6800,-187.3336744,167.404401,1186.392348
4.6850,-187.1444581,167.4041218,1186.284209
4.6900,-186.9490796,167.4032288,1186.171362
4.6950,-186.7473379,167.4031879,1186.05336
4.7000,-186.5400328,167.4027688,1185.930741
4.7050,-186.3271166,167.4030267,1185.803256
4.7100,-186.1105597,167.4043809,1185.671548
4.7150,-185.8898593,167.4081308,1185.535146
4.7200,-185.6665427,167.4129645,1185.395052
4.7250,-185.4416288,167.420394,1185.251574
4.7300,-185.215801,167.4304245,1185.105062
4.7350,-184.9882849,167.4435305,1184.955264
4.7400,-184.7607289,167.4591218,1184.80311
4.7450,-184.5324108,167.4749739,1184.648787
4.7500,-184.3038696,167.4901594,1184.492641
4.7550,-184.0747221,167.5045736,1184.334602
4.7600,-183.8456867,167.5180877,1184.175068
4.7650,-183.6165289,167.5307585,1184.013923
4.7700,-183.3879409,167.5439095,1183.851293
4.7750,-183.1603843,167.5577452,1183.687264
4.7800,-182.9331612,167.5735483,1183.521268
4.7850,-182.7093953,167.5932874,1183.354212
4.7900,-182.4885814,167.6164841,1183.186055
4.7950,-182.2714183,167.6440881,1183.01712
4.8000,-182.0578651,167.6765018,1182.847498
4.8050,-181.848101,167.7140712,1182.677304
4.8100,-181.6417228,167.7569513,1182.506592
4.8150,-181.4380853,167.8049215,1182.335322
4.8200,-181.2354719,167.8576334,1182.163082
4.8250,-181.0324395,167.9158647,1181.989203
4.8300,-180.8285775,167.9789597,1181.813647
4.8350,-180.6217294,168.0483305,1181.63531
4.8400,-180.4125941,168.124496,1181.454323
4.8450,-180.2000427,168.2079383,1181.270216
4.8500,-179.9842926,168.2987097,1181.08304
4.8550,-179.7649668,168.3964544,1180.892733
4.8600,-179.5429575,168.5021635,1180.69952
4.8650,-179.3183905,168.6146028,1180.503726
4.8700,-179.0905142,168.7339093,1180.305141
4.8750,-178.8597583,168.8598234,1180.104073
4.8800,-178.6244713,168.9922391,1179.899983
4.8850,-178.3844115,169.1300419,1179.693114
4.8900,-178.1380242,169.2730217,1179.482886
4.8950,-177.8841604,169.4198561,1179.269014
4.9000,-177.6223055,169.5724128,1179.051105
4.9050,-177.3535341,169.7283917,1178.829862
4.9100,-177.0771361,169.8885134,1178.604931
4.9150,-176.7944122,170.0539621,1178.376699
4.9200,-176.507099,170.2240727,1178.146006
4.9250,-176.2158017,170.4003827,1177.912977
4.9300,-175.9217193,170.5817006,1177.678156
4.9350,-175.6251702,170.7682868,1177.44176
4.9400,-175.3256193,170.9601848,1177.203709
4.9450,-175.0227533,171.1574487,1176.963955
4.9500,-174.7144835,171.3603424,1176.721811
4.9550,-174.400549,171.5687248,1176.477237
4.9600,-174.08028,171.7829825,1176.229921
4.9650,-173.7525816,172.0029096,1175.979418
4.9700,-173.4169441,172.2286806,1175.725546
4.9750,-173.0716987,172.4594065,1175.468012
4.9800,-172.7178514,172.6963622,1175.207022
4.9850,-172.3540967,172.9374376,1174.942453
4.9900,-171.9810972,173.1827175,1174.674451
4.9950,-171.5994658,173.431397,1174.40346
5.0000,-171.208971,173.6828426,1174.129655
5.0050,-170.8098115,173.9365694,1173.853275
5.0100,-170.4011916,174.1912276,1173.574509
5.0150,-169.983376,174.4451734,1173.293901
5.0200,-169.5553729,174.6985716,1173.011116
5.0250,-169.1162739,174.9499648,1172.726321
5.0300,-168.6655352,175.198663,1172.439613
5.0350,-168.2043555,175.4432846,1172.151715
5.0400,-167.7320431,175.6833266,1171.862584
5.0450,-167.25002,175.9192261,1171.572719
5.0500,-166.7583126,176.1516648,1171.282406
5.0550,-166.2589964,176.3792826,1170.992542
5.0600,-165.7533578,176.6023902,1170.70355
5.0650,-165.2428065,176.8198038,1170.416039
5.0700,-164.7275306,177.0319794,1170.130004
5.0750,-164.209948,177.2380015,1169.846368
5.0800,-163.6910769,177.4383702,1169.565279
5.0850,-163.1699904,177.633019,1169.286491
5.0900,-162.647249,177.8218538,1169.010188
5.0950,-162.1227114,178.0047786,1168.73622
5.1000,-161.5980098,178.1819086,1168.464902
5.1050,-161.0741418,178.3539904,1168.196397
5.1100,-160.5516871,178.520427,1167.930841
5.1150,-160.0308227,178.6825884,1167.66812
5.1200,-159.5131707,178.8395544,1167.408736
5.1250,-159.0001394,178.9920255,1167.153054
5.1300,-158.4928642,179.1397217,1166.90142
5.1350,-157.9931802,179.282179,1166.654283
5.1400,-157.5017864,179.4203013,1166.411754
5.1450,-157.0205178,179.5548117,1166.174191
5.1500,-156.5492046,179.6858055,1165.94144
5.1550,-156.0887699,179.8144501,1165.713438
5.1600,-155.6393495,179.9411249,1165.489953
5.1650,-155.2008759,180.0663501,1165.270761
5.1700,-154.7748175,180.191393,1165.055937
5.1750,-154.3602088,180.3173344,1164.84495
5.1800,-153.9578105,180.4435984,1164.637906
5.1850,-153.5694495,180.5712525,1164.434898
5.1900,-153.1953244,180.7017141,1164.235805
5.1950,-152.8372501,180.8353837,1164.040853
5.2000,-152.4954127,180.9711492,1163.85005
5.2050,-152.1691387,181.1105932,1163.66299
5.2100,-151.8591194,181.2534453,1163.479793
5.2150,-151.5630348,181.4002063,1163.299652
5.2200,-151.2794776,181.5500467,1163.122299
5.2250,-151.006918,181.7033116,1162.947078
5.2300,-150.7444542,181.8608984,1162.773677
5.2350,-150.4902722,182.0222412,1162.601589
5.2400,-150.2429178,182.1878775,1162.430416
5.2450,-150.0017208,182.356922,1162.260099
5.2500,-149.7665846,182.5288908,1162.090584
5.2550,-149.5366243,182.7044668,1161.921657
5.2600,-149.3110405,182.8829511,1161.75327
5.2650,-149.0897461,183.0635004,1161.585505
5.2700,-148.8733053,183.2470044,1161.418458
5.2750,-148.6605408,183.4332797,1161.251938
5.2800,-148.4513252,183.6219991,1161.085913
5.2850,-148.2458476,183.814043,1160.920263
5.2900,-148.0432853,184.0080821,1160.755038
5.2950,-147.8427574,184.2047434,1160.589931
5.3000,-147.6443737,184.4034809,1160.424941
5.3050,-147.4474051,184.6034308,1160.260084
5.3100,-147.2520104,184.8044326,1160.095494
5.3150,-147.0583461,185.0064177,1159.931226
5.3200,-146.8675548,185.2084555,1159.767708
5.3250,-146.6796295,185.4087128,1159.605122
5.3300,-146.4957447,185.6071461,1159.443748
5.3350,-146.3164131,185.8026025,1159.283881
5.3400,-146.1426735,185.9945075,1159.125914
5.3450,-145.9749041,186.1832056,1158.969846
5.3500,-145.8143073,186.3682787,1158.815992
5.3550,-145.6598843,186.5493111,1158.664103
5.3600,-145.512408,186.7272421,1158.514233
5.3650,-145.3724268,186.9026985,1158.366441
5.3700,-145.2400053,187.0763875,1158.220657
5.3750,-145.1129438,187.24849,1158.076302
5.3800,-144.9918595,187.4184489,1157.933607
5.3850,-144.8769085,187.5867526,1157.792629
5.3900,-144.7675678,187.7544866,1157.653107
5.3950,-144.6636522,187.9211712,1157.515141
5.4000,-144.5644634,188.0860327,1157.37869
5.4050,-144.4697291,188.2481821,1157.243732
5.4100,-144.3796404,188.408041,1157.110215
5.4150,-144.2954354,188.5668414,1156.978201
5.4200,-144.216201,188.7259693,1156.847286
5.4250,-144.1430367,188.8866403,1156.717513
5.4300,-144.0751415,189.0510495,1156.588521
5.4350,-144.0119751,189.2200309,1156.460195
5.4400,-143.9525174,189.3930574,1156.33239
5.4450,-143.89591,189.5692829,1156.204954
5.4500,-143.8425815,189.7504272,1156.077922
5.4550,-143.7912173,189.9346746,1155.951285
5.4600,-143.7416664,190.1223469,1155.825112
5.4650,-143.6943473,190.3132127,1155.699644
5.4700,-143.6474353,190.5072589,1155.574611
5.4750,-143.6022751,190.7052901,1155.450237
5.4800,-143.5589943,190.9078228,1155.326644
5.4850,-143.5160725,191.1144301,1155.203585
5.4900,-143.4736544,191.3246614,1155.081078
5.4950,-143.4302027,191.5385527,1154.958875
5.5000,-143.3854566,191.7564772,1154.836844
5.5050,-143.3388865,191.9779626,1154.715057
5.5100,-143.2896006,192.2029401,1154.593287
5.5150,-143.2369631,192.4308128,1154.471547
5.5200,-143.1816835,192.661913,1154.349925
5.5250,-143.122884,192.8947697,1154.228498
5.5300,-143.0591295,193.128526,1154.107055
5.5350,-142.9908648,193.3625228,1153.985855
5.5400,-142.9185434,193.5949836,1153.865116
5.5450,-142.8409395,193.8260258,1153.744607
5.5500,-142.7585886,194.0542888,1153.624518
5.5550,-142.6708558,194.2791294,1153.504659
5.5600,-142.578072,194.4999523,1153.385156
5.5650,-142.4804807,194.7180391,1153.266013
5.5700,-142.3772402,194.9315524,1153.147127
5.5750,-142.2681848,195.1412141,1153.028417
5.5800,-142.1522832,195.3447501,1152.909867
5.5850,-142.0308081,195.5420588,1152.791741
5.5900,-141.9046851,195.7342642,1152.674084
5.5950,-141.7743676,195.9199926,1152.55713
5.6000,-141.6407033,196.0994551,1152.441073
5.6050,-141.5046356,196.2725595,1152.326082
5.6100,-141.3665021,196.4393217,1152.212069
5.6150,-141.2282307,196.6001478,1152.099271
5.6200,-141.0895378,196.7552405,1151.987645
5.6250,-140.9514146,196.9061161,1151.877046
5.6300,-140.8141902,197.0532032,1151.767526
5.6350,-140.6777469,197.197897,1151.658864
5.6400,-140.5436809,197.3425118,1151.551146
5.6450,-140.4111538,197.4858476,1151.444332
5.6500,-140.280234,197.6284266,1151.338338
5.6550,-140.1512763,197.7708495,1151.233247
5.6600,-140.0245053,197.9124677,1151.129097
5.6650,-139.9002703,198.0521377,1151.026057
5.6700,-139.7791654,198.1894963,1150.92421
5.6750,-139.6619678,198.3238862,1150.823751
5.6800,-139.5489421,198.4565734,1150.724664
5.6850,-139.4403489,198.5862997,1150.626995
5.6900,-139.336964,198.7139247,1150.530797
5.6950,-139.238743,198.8407356,1150.435888
5.7000,-139.1466555,198.9675945,1150.342432
5.7050,-139.0600539,199.0963518,1150.250124
5.7100,-138.9799328,199.227783,1150.15914
5.7150,-138.9050465,199.3604303,1150.069414
5.7200,-138.8359833,199.4950052,1149.981034
5.7250,-138.7719717,199.6303644,1149.893973
5.7300,-138.7142366,199.7650666,1149.808572
5.7350,-138.6620035,199.8976996,1149.724746
5.7400,-138.6162407,200.029163,1149.642617
5.7450,-138.5773794,200.1590612,1149.562299
5.7500,-138.546141,200.2869071,1149.483803
5.7550,-138.5229022,200.413995,1149.407165
5.7600,-138.5079272,200.5405197,1149.33234
5.7650,-138.5017085,200.6667126,1149.259316
5.7700,-138.5062075,200.7920509,1149.188419
5.7750,-138.5210153,200.9151888,1149.11969
5.7800,-138.5475371,201.0368339,1149.053233
5.7850,-138.5870136,201.156778,1148.989317
5.7900,-138.6403706,201.275247,1148.928088
5.7950,-138.7088718,201.3908895,1148.869926
5.8000,-138.7943248,201.5046007,1148.81512
5.8050,-138.8979114,201.6161755,1148.763772
5.8100,-139.0199605,201.7259414,1148.716024
5.8150,-139.1631806,201.832934,1148.672348
5.8200,-139.3267052,201.9368396,1148.632649
5.8250,-139.5124908,202.038807,1148.597195
5.8300,-139.7208884,202.1376212,1148.566141
5.8350,-139.9511557,202.2340135,1148.539275
5.8400,-140.2037309,202.3277441,1148.51678
5.8450,-140.4785266,202.4186343,1148.498653
5.8500,-140.7744502,202.507556,1148.484764
5.8550,-141.0902801,202.5932536,1148.475087
5.8600,-141.4242957,202.6756645,1148.469509
5.8650,-141.7743249,202.7538369,1148.467746
5.8700,-142.1377038,202.8293208,1148.469402
5.8750,-142.5134787,202.901208,1148.474399
5.8800,-142.8998275,202.9719163,1148.482395
5.8850,-143.2940056,203.0407781,1148.493127
5.8900,-143.6940339,203.1083626,1148.506423
5.8950,-144.0976742,203.1755921,1148.521924
5.9000,-144.5025917,203.2430244,1148.539418
5.9050,-144.9069163,203.3122305,1148.558535
5.9100,-145.3092707,203.3837886,1148.57913
5.9150,-145.7068084,203.4586921,1148.600789
5.9200,-146.0978749,203.5371462,1148.623164
5.9250,-146.4804775,203.6186888,1148.646106
5.9300,-146.8536002,203.7028563,1148.669442
5.9350,-147.2164317,203.789518,1148.693022
5.9400,-147.5672613,203.8770978,1148.716626
5.9450,-147.9053253,203.9667898,1148.739999
5.9500,-148.2315931,204.0585109,1148.763278
5.9550,-148.5464764,204.1532925,1148.786278
5.9600,-148.8488227,204.2517385,1148.808694
5.9650,-149.1396856,204.3565352,1148.830362
5.9700,-149.4201203,204.4692099,1148.851296
5.9750,-149.6905551,204.5926746,1148.871361
5.9800,-149.9518023,204.7273911,1148.890561
5.9850,-150.2051332,204.8758734,1148.908923
5.9900,-150.4515859,205.0391034,1148.926539
5.9950,-150.6934705,205.2166435,1148.943774
6.0000,-150.9314202,205.4103341,1148.960649
6.0050,-151.1685767,205.6194164,1148.977778
6.0100,-151.4054477,205.8439319,1148.995223
6.0150,-151.64391,206.0840633,1149.013308
6.0200,-151.886049,206.3383461,1149.032406
6.0250,-152.132661,206.6068324,1149.052663
6.0300,-152.3845582,206.8894312,1149.07413
6.0350,-152.6439566,207.1857288,1149.097338
6.0400,-152.9114166,207.4939114,1149.122443
6.0450,-153.1868417,207.8122399,1149.149483
6.0500,-153.4696967,208.1406654,1149.178432
6.0550,-153.7619451,208.4770896,1149.209558
6.0600,-154.0630244,208.8194583,1149.242862
6.0650,-154.373175,209.1659918,1149.278481
6.0700,-154.6909106,209.5146578,1149.315994
6.0750,-155.0166939,209.8655892,1149.355432
6.0800,-155.3508588,210.217245,1149.396814
6.0850,-155.6930618,210.5686035,1149.439923
6.0900,-156.0429339,210.9184682,1149.484702
6.0950,-156.4002644,211.2666009,1149.530962
6.1000,-156.7657117,211.6122757,1149.578807
6.1050,-157.1392485,211.9543588,1149.628193
6.1100,-157.5212264,212.2919933,1149.679209
6.1150,-157.9102974,212.6247944,1149.731486
6.1200,-158.3065714,212.9515882,1149.785185
6.1250,-158.7083067,213.2700636,1149.839954
6.1300,-159.1152338,213.5800465,1149.89582
6.1350,-159.5269865,213.8791293,1149.952893
6.1400,-159.9412747,214.1672631,1150.010615
6.1450,-160.3567008,214.4414885,1150.068823
6.1500,-160.7723381,214.7012505,1150.127372
6.1550,-161.1860467,214.9467229,1150.185843
6.1600,-161.596599,215.1761158,1150.243988
6.1650,-162.0025123,215.3879326,1150.301502
6.1700,-162.4012179,215.5813363,1150.357873
6.1750,-162.7918464,215.7561145,1150.413068
6.1800,-163.1714132,215.9107147,1150.466363
6.1850,-163.5387456,216.0458819,1150.517554
6.1900,-163.8905809,216.1609939,1150.565738
6.1950,-164.2260797,216.2566215,1150.610728
6.2000,-164.5435329,216.3330507,1150.652005
6.2050,-164.8429334,216.3897292,1150.689663
6.2100,-165.1221643,216.4269886,1150.723078
6.2150,-165.3820683,216.4451671,1150.752435
6.2200,-165.6220842,216.4458084,1150.777601
6.2250,-165.8427316,216.4320563,1150.798729
6.2300,-166.0432887,216.405102,1150.815602
6.2350,-166.224962,216.3661046,1150.828686
6.2400,-166.387876,216.3161812,1150.838016
6.2450,-166.533598,216.2561929,1150.844145
6.2500,-166.6612707,216.1873653,1150.846845
6.2550,-166.7713086,216.1106386,1150.846435
6.2600,-166.8639406,216.0258712,1150.843023
6.2650,-166.9387603,215.9327597,1150.836639
6.2700,-166.9961488,215.8314507,1150.827505
6.2750,-167.0364552,215.7209035,1150.815792
6.2800,-167.0591604,215.6029089,1150.801442
6.2850,-167.0641711,215.4766062,1150.784414
6.2900,-167.0529032,215.3423113,1150.765078
6.2950,-167.0249735,215.2032867,1150.743331
6.3000,-166.981676,215.0601665,1150.719383
6.3050,-166.9231542,214.9158863,1150.693225
6.3100,-166.8505437,214.771861,1150.665054
6.3150,-166.7656484,214.6297974,1150.635146
6.3200,-166.6696253,214.4913266,1150.603709
6.3250,-166.5650559,214.3572822,1150.571232
6.3300,-166.4534315,214.2278931,1150.537951
6.3350,-166.3373239,214.1045857,1150.50443
6.3400,-166.2184958,213.9878766,1150.47084
6.3450,-166.0995315,213.8801216,1150.437737
6.3500,-165.98273,213.7794488,1150.405574
6.3550,-165.8683616,213.686104,1150.3745
6.3600,-165.758036,213.5997294,1150.344767
6.3650,-165.6521799,213.5210886,1150.316322
6.3700,-165.5533431,213.4500762,1150.289941
6.3750,-165.4614456,213.3840807,1150.265539
6.3800,-165.3761444,213.3233703,1150.243046
6.3850,-165.298679,213.2664358,1150.222832
6.3900,-165.2289256,213.2130326,1150.204765
6.3950,-165.1674556,213.1629238,1150.18901
6.4000,-165.112874,213.1150573,1150.17519
6.4050,-165.0658874,213.0694343,1150.163593
6.4100,-165.0252789,213.0246036,1150.153766
6.4150,-164.9904726,212.9800885,1150.145757
6.4200,-164.9619794,212.9350175,1150.139642
6.4250,-164.9394622,212.8885884,1150.135393
6.4300,-164.9212112,212.8405377,1150.132573
6.4350,-164.906962,212.7905431,1150.131134
6.4400,-164.8962932,212.7382548,1150.131038
6.4450,-164.8886993,212.6850626,1150.132222
6.4500,-164.8835281,212.6292916,1150.134554
6.4550,-164.8808543,212.5695302,1150.138155
6.4600,-164.87973,212.5050547,1150.142783
6.4650,-164.8789008,212.4356875,1150.148265
6.4700,-164.8800711,212.3596035,1150.155119
6.4750,-164.8809031,212.2760762,1150.162804
6.4800,-164.8805483,212.1840983,1150.171227
6.4850,-164.8779553,212.0827964,1150.180201
6.4900,-164.8737242,211.970935,1150.190072
6.4950,-164.8658268,211.8464425,1150.200523
6.5000,-164.8534553,211.7092862,1150.211445
6.5050,-164.8342776,211.5585139,1150.22245
6.5100,-164.8082882,211.393791,1150.233801
6.5150,-164.7726961,211.2136823,1150.245094
6.5200,-164.7272169,211.0182917,1150.256407
6.5250,-164.6701414,210.8044143,1150.267487
6.5300,-164.6008704,210.5718565,1150.278416
6.5350,-164.5179142,210.3201532,1150.288885
6.5400,-164.4199302,210.0496865,1150.298671
6.5450,-164.3063254,209.7606966,1150.307721
6.5500,-164.175939,209.4543144,1150.315929
6.5550,-164.0281977,209.1311002,1150.323219
6.5600,-163.8631195,208.7938444,1150.329626
6.5650,-163.6801464,208.444821,1150.335076
6.5700,-163.4784966,208.0855104,1150.339335
6.5750,-163.2578124,207.7193974,1150.342283
6.5800,-163.0191319,207.347084,1150.344134
6.5850,-162.7634782,206.9715801,1150.345119
6.5900,-162.4907423,206.5959359,1150.344988
6.5950,-162.2026339,206.2194284,1150.344168
6.6000,-161.8997031,205.8444406,1150.34266
6.6050,-161.5835726,205.4724722,1150.340683
6.6100,-161.2562826,205.1055312,1150.338402
6.6150,-160.9188439,204.746276,1150.335848
6.6200,-160.5732067,204.3969798,1150.33319
6.6250,-160.2204514,204.0602038,1150.330396
6.6300,-159.8627009,203.7377915,1150.327711
6.6350,-159.499586,203.4314586,1150.324802
6.6400,-159.1327086,203.1425824,1150.321903
6.6450,-158.7624435,202.8701588,1150.319027
6.6500,-158.3890944,202.6156067,1150.316006
6.6550,-158.0131811,202.3785284,1150.312837
6.6600,-157.6352157,202.1592769,1150.309562
6.6650,-157.253786,201.9573868,1150.305758
6.6700,-156.868532,201.7715388,1150.301254
6.6750,-156.4790761,201.6031318,1150.295841
6.6800,-156.0844244,201.4497211,1150.289392
6.6850,-155.6835524,201.3129319,1150.281645
6.6900,-155.2755334,201.1903742,1150.272596
6.6950,-154.8585781,201.0812003,1150.261892
6.7000,-154.4322239,200.9842041,1150.249574
6.7050,-153.9945473,200.8984439,1150.235229
6.7100,-153.5469187,200.8242306,1150.219302
6.7150,-153.089613,200.7621332,1150.201788
6.7200,-151.2754487,200.3938051,1150.255314
6.7250,-151.4358018,200.2424315,1150.270246
6.7300,-151.5957598,200.0984766,1150.287722
6.7350,-151.7556193,199.9622446,1150.307939
6.7400,-151.9164298,199.8331837,1150.331336
6.7450,-150.2042766,200.6450859,1150.074824
6.7500,-149.7202584,200.6649992,1150.053721
6.7550,-149.2415762,200.6960479,1150.033616
6.7600,-148.7700465,200.7371479,1150.01487
6.7650,-148.3071815,200.7892435,1149.99761
6.7700,-147.8543136,200.8502254,1149.982166
6.7750,-147.4120702,200.9193777,1149.968645
6.7800,-146.9821261,200.9960276,1149.957466
6.7850,-146.5641908,201.0784208,1149.948571
6.7900,-146.1587851,201.165085,1149.942226
6.7950,-145.7661682,201.2546822,1149.938439
6.8000,-145.3871546,201.3456671,1149.937446
6.8050,-145.0207562,201.436764,1149.939017
6.8100,-144.6677437,201.5267582,1149.943218
6.8150,-144.3276294,201.6143645,1149.949922
6.8200,-143.9995737,201.6979734,1149.959002
6.8250,-143.6842881,201.7788735,1149.970422
6.8300,-143.3805834,201.8551848,1149.983983
6.8350,-143.0876044,201.9273921,1149.999492
6.8400,-142.8055993,201.9950853,1150.017032
6.8450,-142.5331286,202.058216,1150.036385
6.8500,-142.2700415,202.1159962,1150.057528
6.8550,-142.0155263,202.1690742,1150.080385
6.8600,-141.7695908,202.2161216,1150.105008
6.8650,-141.5315697,202.2567416,1150.131385
6.8700,-141.3019115,202.2926554,1150.159482
6.8750,-141.0812746,202.3231256,1150.189499
6.8800,-140.8692358,202.3496471,1150.221199
6.8850,-140.6653174,202.3742466,1150.254367
6.8900,-140.470443,202.3964777,1150.289232
6.8950,-140.2835742,202.4188866,1150.325424
6.9000,-140.1046852,202.4417907,1150.362785
6.9050,-139.9320623,202.4656821,1150.401042
6.9100,-139.7651019,202.491206,1150.440166
6.9150,-139.6033919,202.5175226,1150.48019
6.9200,-139.4453477,202.5443033,1150.520906
6.9250,-139.2910177,202.5711108,1150.562457
6.9300,-139.1392669,202.5977951,1150.604731
6.9350,-138.9895346,202.622655,1150.647675
6.9400,-138.8411377,202.6460341,1150.691153
6.9450,-138.6941409,202.6692044,1150.734996
6.9500,-138.5479176,202.6916253,1150.779181
6.9550,-138.4014591,202.7146871,1150.823427
6.9600,-138.254144,202.7380748,1150.867681
6.9650,-138.1056705,202.7615047,1150.911964
6.9700,-137.9549371,202.785363,1150.956054
6.9750,-137.800971,202.809334,1150.999913
6.9800,-137.642491,202.8336745,1151.0433
6.9850,-137.4782415,202.8559921,1151.086199
6.9900,-137.3077841,202.8780827,1151.128448
6.9950,-137.1304353,202.8989462,1151.170083
7.0000,-136.9446983,202.9194689,1151.21081
7.0050,-136.7515587,202.9398518,1151.25086
7.0100,-136.5487951,202.9600955,1151.289808
7.0150,-136.3369547,202.9800232,1151.327769
7.0200,-136.1162473,202.9991482,1151.364839
7.0250,-135.8858015,203.0186994,1151.400866
7.0300,-135.6451523,203.0389304,1151.435725
7.0350,-135.3954871,203.0595039,1151.469691
7.0400,-135.1359459,203.081352,1151.502554
7.0450,-134.8668275,203.1032269,1151.534513
7.0500,-134.5890408,203.1247011,1151.565731
7.0550,-134.3030056,203.1453376,1151.596292
7.0600,-134.0095045,203.1656235,1151.626394
7.0650,-133.709347,203.184279,1151.656237
7.0700,-133.4035108,203.2011444,1151.686029
7.0750,-133.0938876,203.2166374,1151.716006
7.0800,-132.7819102,203.2302071,1151.746384
7.0850,-132.4691449,203.2407244,1151.777508
7.0900,-132.156498,203.2488476,1151.809383
7.0950,-131.8454187,203.2556706,1151.842222
7.1000,-131.5353487,203.2599582,1151.875947
7.1050,-131.2292049,203.2616377,1151.910956
7.1100,-130.9265247,203.2610721,1151.947164
7.1150,-130.6275504,203.2585,1151.984442
7.1200,-130.3338053,203.2525317,1152.02302
7.1250,-130.0448434,203.2422754,1152.062795
7.1300,-129.7616343,203.228964,1152.103835
7.1350,-129.4848398,203.2119456,1152.146181
7.1400,-129.2140938,203.1913821,1152.189655
7.1450,-128.9504734,203.1681292,1152.234264
7.1500,-128.6943851,203.1428528,1152.279899
7.1550,-128.4464634,203.1146756,1152.326594
7.1600,-128.2064428,203.0855473,1152.374118
7.1650,-127.9742404,203.056836,1152.422325
7.1700,-127.7498888,203.0273864,1152.47129
7.1750,-127.5327956,202.9989106,1152.520681
7.1800,-127.32279,202.9720041,1152.570457
7.1850,-127.1192899,202.9457088,1152.620565
7.1900,-126.9217119,202.9200096,1152.670978
7.1950,-126.7306854,202.8957849,1152.721739
7.2000,-126.545063,202.8723399,1152.772756
7.2050,-126.3663941,202.8495499,1152.824336
7.2100,-126.1938931,202.8276476,1152.876347
7.2150,-126.0276105,202.8062531,1152.92884
7.2200,-125.8682489,202.7854998,1152.981926
7.2250,-125.7152971,202.7655039,1153.035544
7.2300,-125.5690721,202.7456148,1153.089862
7.2350,-125.4301469,202.7270196,1153.144843
7.2400,-125.298284,202.7090883,1153.200562
7.2450,-125.172216,202.6915022,1153.256864
7.2500,-125.0527425,202.6740207,1153.313878
7.2550,-124.9394392,202.6552089,1153.371573
7.2600,-124.8324632,202.6354938,1153.429916
7.2650,-124.732773,202.6145289,1153.489062
7.2700,-124.638429,202.5933124,1153.548725
7.2750,-124.5498276,202.570877,1153.609033
7.2800,-124.46774,202.5470463,1153.670135
7.2850,-124.3916814,202.5232974,1153.731886
7.2900,-124.3208316,202.4991849,1153.794142
7.2950,-124.255523,202.4750513,1153.856912
7.3000,-124.1961422,202.4507684,1153.920277
7.3050,-124.141719,202.4267116,1153.984085
7.3100,-124.0926314,202.4033168,1154.048421
7.3150,-124.0480203,202.3804387,1154.113132
7.3200,-124.0076863,202.3591596,1154.178048
7.3250,-123.972113,202.3386771,1154.243387
7.3300,-123.9411672,202.3183042,1154.309176
7.3350,-123.9138849,202.2990956,1154.375144
7.3400,-123.8910595,202.2805243,1154.441511
7.3450,-123.873387,202.2634002,1154.50832
7.3500,-123.8600841,202.2471608,1154.575477
7.3550,-123.8514524,202.2315244,1154.643083
7.3600,-123.8470424,202.2160933,1154.711044
7.3650,-123.8471729,202.201499,1154.779375
7.3700,-123.8512858,202.1878373,1154.847976
7.3750,-123.8593093,202.1740743,1154.916891
7.3800,-123.8706009,202.1609072,1154.98593
7.3850,-123.884932,202.1492662,1155.054971
7.3900,-123.9009825,202.1378962,1155.123864
7.3950,-123.9187012,202.1263595,1155.192618
7.4000,-123.9374019,202.1147239,1155.261095
7.4050,-123.9567022,202.1033733,1155.329192
7.4100,-123.9756559,202.09095,1155.396787
7.4150,-123.9946591,202.0778733,1155.463903
7.4200,-124.0123598,202.0643238,1155.530358
7.4250,-124.0293366,202.0501091,1155.596153
7.4300,-124.0442919,202.0344917,1155.661037
7.4350,-124.0580066,202.0182324,1155.725122
7.4400,-124.0705754,202.0012379,1155.788407
7.4450,-124.082077,201.9834649,1155.85086
7.4500,-124.0929486,201.9647425,1155.912504
7.4550,-124.1022561,201.9465638,1155.973104
7.4600,-124.1114235,201.9279295,1156.03293
7.4650,-124.1210239,201.9087375,1156.091945
7.4700,-124.1306545,201.8902028,1156.150092
7.4750,-124.1401888,201.8721463,1156.207354
7.4800,-124.1504849,201.854682,1156.263941
7.4850,-124.1622207,201.8383676,1156.319805
7.4900,-124.1755621,201.8240951,1156.374914
7.4950,-124.1892617,201.8108949,1156.429098
7.5000,-124.2040467,201.7996985,1156.482447
7.5050,-124.2191487,201.7897523,1156.53487
7.5100,-124.235102,201.7809552,1156.586508
7.5150,-124.2521181,201.7737268,1156.637257
7.5200,-124.2693452,201.7684552,1156.687064
7.5250,-124.2859627,201.7645039,1156.735739
7.5300,-124.3031359,201.7626609,1156.78337
7.5350,-124.320598,201.763429,1156.829903
7.5400,-124.3385292,201.767158,1156.875312
7.5450,-124.3573945,201.7738627,1156.919632
7.5500,-124.3776862,201.7841683,1156.962857
7.5550,-124.3999422,201.7972514,1157.005188
7.5600,-124.4239853,201.8136637,1157.046486
7.5650,-124.4486361,201.8340937,1157.086562
7.5700,-124.4763044,201.8573007,1157.125856
7.5750,-124.5070287,201.8845919,1157.16433
7.5800,-124.5411555,201.9158022,1157.202038
7.5850,-124.5783944,201.951209,1157.238921
7.5900,-124.6205127,201.9908942,1157.275349
7.5950,-124.6659474,202.0359811,1157.311065
7.6000,-124.715064,202.0869698,1157.346183
7.6050,-124.7673575,202.1433837,1157.380656
7.6100,-124.8219807,202.2045171,1157.41438
7.6150,-124.8787897,202.2695109,1157.447359
7.6200,-124.9381544,202.3375945,1157.479777
7.6250,-124.9986302,202.4082903,1157.511421
7.6300,-125.059604,202.4808873,1157.542309
7.6350,-125.12139,202.5539429,1157.572683
7.6400,-125.1835833,202.6267911,1157.602487
7.6450,-125.2462841,202.6992282,1157.631897
7.6500,-125.3091478,202.7701796,1157.660831
7.6550,-125.3724959,202.8396888,1157.689407
7.6600,-125.4382073,202.9084055,1157.717966
7.6650,-125.5060836,202.9740962,1157.746566
7.6700,-125.576218,203.0383838,1157.775181
7.6750,-125.6489899,203.1010827,1157.803884
7.6800,-125.723744,203.1621381,1157.832656
7.6850,-125.8009004,203.2206639,1157.861595
7.6900,-125.8812907,203.2776791,1157.8909
7.6950,-125.9653324,203.3321996,1157.920754
7.7000,-126.0547129,203.3855504,1157.951568
7.7050,-126.1472721,203.4366848,1157.982971
7.7100,-126.2446296,203.4857904,1158.015293
7.7150,-126.3451589,203.5330327,1158.048179
7.7200,-126.4496038,203.5786061,1158.081781
7.7250,-126.5563977,203.6209365,1158.115947
7.7300,-126.6662791,203.6610979,1158.150764
7.7350,-126.7778781,203.6979266,1158.185948
7.7400,-126.8906191,203.7310736,1158.221374
7.7450,-127.0039659,203.7594243,1158.257032
7.7500,-127.117097,203.7838354,1158.292757
7.7550,-127.2305913,203.8031265,1158.328685
7.7600,-127.3435895,203.8175285,1158.364536
7.7650,-127.4551245,203.8272031,1158.400252
7.7700,-127.5656818,203.8317125,1158.435827
7.7750,-127.6749598,203.8313311,1158.471211
7.7800,-127.7833446,203.8258797,1158.506275
7.7850,-127.8906304,203.8159475,1158.541002
7.7900,-127.9964544,203.802586,1158.57523
7.7950,-128.1020138,203.7876046,1158.608988
7.8000,-128.2076358,203.7717575,1158.642203
7.8050,-128.3133615,203.7573947,1158.674629
7.8100,-128.4190488,203.7456224,1158.70608
7.8150,-128.5257076,203.737117,1158.736673
7.8200,-128.6335673,203.7325177,1158.766328
7.8250,-128.7440913,203.73327,1158.795188
7.8300,-128.8560579,203.7398422,1158.82297
7.8350,-128.9708919,203.752156,1158.849986
7.8400,-129.0891383,203.7713865,1158.876282
7.8450,-129.2112731,203.7985297,1158.902086
7.8500,-129.3358413,203.8329203,1158.927098
7.8550,-129.4638617,203.8758805,1158.951424
7.8600,-129.5947339,203.9267603,1158.975168
7.8650,-129.7300193,203.9839739,1158.998707
7.8700,-129.8698562,204.0470766,1159.02219
7.8750,-130.014454,204.1152839,1159.045669
7.8800,-130.1643141,204.1882262,1159.069481
7.8850,-130.3208142,204.2642262,1159.093956
7.8900,-130.4827102,204.3435711,1159.118956
7.8950,-130.6528339,204.426221,1159.145068
7.9000,-130.8316407,204.5109,1159.172603
7.9050,-131.0194462,204.5995792,1159.201633
7.9100,-131.2171835,204.691353,1159.232469
7.9150,-131.4256936,204.7879667,1159.26543
7.9200,-131.6451644,204.8880035,1159.300587
7.9250,-131.8765115,204.9919146,1159.338041
7.9300,-132.120897,205.1009637,1159.378019
7.9350,-132.3789307,205.2148661,1159.420714
7.9400,-132.6506384,205.3338453,1159.466142
7.9450,-132.9350355,205.4578486,1159.514069
7.9500,-133.2325018,205.5880864,1159.564689
7.9550,-133.5432234,205.7235921,1159.618169
7.9600,-133.865211,205.8638693,1159.674142
7.9650,-134.1982196,206.0094717,1159.732846
7.9700,-134.5412261,206.159543,1159.794133
7.9750,-134.8935454,206.3126155,1159.858014
7.9800,-135.2545401,206.4673331,1159.924354
7.9850,-135.6237529,206.623801,1159.993124
7.9900,-135.9993099,206.7808649,1160.063891
7.9950,-136.3802147,206.9380873,1160.136358
8.0000,-136.7639465,207.0932037,1160.209844
8.0050,-137.151903,207.2469165,1160.28473
8.0100,-137.5421679,207.3992856,1160.360433
8.0150,-137.9358331,207.5491218,1160.43733
8.0200,-138.3319282,207.6967226,1160.515155
8.0250,-138.7306224,207.8420645,1160.593903
8.0300,-139.130899,207.9849931,1160.67333
8.0350,-139.5317104,208.1252483,1160.753264
8.0400,-139.931833,208.2636693,1160.833274
8.0450,-140.3299155,208.4010838,1160.912908
8.0500,-140.7249512,208.5362336,1160.991836
8.0550,-141.1168092,208.6704643,1161.0699
8.0600,-141.5042079,208.802579,1161.146771
8.0650,-141.8872586,208.9320919,1161.2223
8.0700,-142.2650927,209.0590135,1161.296242
8.0750,-142.6373572,209.1831817,1161.368478
8.0800,-143.0027896,209.3044493,1161.438848
8.0850,-143.3612065,209.4214135,1161.507432
8.0900,-143.7122785,209.5331068,1161.574157
8.0950,-144.0561658,209.6391243,1161.639067
8.1000,-144.3920682,209.7383785,1161.702167
8.1050,-144.7202315,209.8304122,1161.763515
8.1100,-145.0417643,209.9138107,1161.823626
8.1150,-145.3549205,209.9882781,1161.882013
8.1200,-145.6602789,210.0528442,1161.938842
8.1250,-145.9580482,210.1066115,1161.994183
8.1300,-146.248771,210.1505897,1162.048019
8.1350,-146.5320456,210.1842218,1162.100209
8.1400,-146.8083411,210.2052442,1162.150809
8.1450,-147.0781173,210.2129621,1162.19981
8.1500,-147.3434719,210.2086744,1162.247745
8.1550,-147.6041911,210.1923715,1162.294543
8.1600,-147.8624241,210.1649822,1162.340666
8.1650,-148.1179064,210.1267769,1162.38595
8.1700,-148.3704366,210.0806284,1162.43034
8.1750,-148.6209154,210.0280272,1162.473959
8.1800,-148.8685584,209.9698346,1162.516491
8.1850,-149.1130212,209.9083877,1162.557817
8.1900,-149.3558881,209.8435365,1162.598225
8.1950,-149.5964106,209.7764878,1162.637431
8.2000,-149.8343642,209.7084099,1162.675046
8.2050,-150.0706582,209.6395915,1162.711278
8.2100,-150.3065308,209.5714971,1162.746545
8.2150,-150.542027,209.5038361,1162.780625
8.2200,-150.7775151,209.4380554,1162.813747
8.2250,-151.0143233,209.3740368,1162.846534
8.2300,-151.2520783,209.3121594,1162.878896
8.2350,-151.4911135,209.2530666,1162.911022
8.2400,-151.7314646,209.1970205,1162.942975
8.2450,-151.9741867,209.1438862,1162.975064
8.2500,-152.2191987,209.0937361,1163.007348
8.2550,-152.4656017,209.0463405,1163.039638
8.2600,-152.7134716,209.0010252,1163.071891
8.2650,-152.9630219,208.958498,1163.104039
8.2700,-153.2144196,208.917626,1163.136169
8.2750,-153.4676331,208.8787882,1163.168282
8.2800,-153.7238456,208.8425277,1163.200864
8.2850,-153.9825969,208.8093841,1163.233871
8.2900,-154.2442961,208.7792049,1163.267489
8.2950,-154.508764,208.7519613,1163.301868
8.3000,-154.7766063,208.7282426,1163.337252
8.3050,-155.0465698,208.7078731,1163.373309
8.3100,-155.3179374,208.6901348,1163.410017
8.3150,-155.5906848,208.6756512,1163.447307
8.3200,-155.8643245,208.6638358,1163.484947
8.3250,-156.1391382,208.656753,1163.523042
8.3300,-156.4148154,208.6529091,1163.561583
8.3350,-156.6917944,208.653676,1163.60064
8.3400,-156.9712792,208.6576252,1163.640769
8.3450,-157.253582,208.6642667,1163.682114
8.3500,-157.5394362,208.6737796,1163.725104
8.3550,-157.8282022,208.6847643,1163.769876
8.3600,-158.1209419,208.697699,1163.816894
8.3650,-158.4173974,208.7120566,1163.866223
8.3700,-158.7169827,208.7276899,1163.917692
8.3750,-159.0207527,208.7427211,1163.9716
8.3800,-159.3296826,208.7570572,1164.028194
8.3850,-159.6433152,208.7707874,1164.087159
8.3900,-159.9622843,208.7840178,1164.148624
8.3950,-160.2858124,208.7956008,1164.212347
8.4000,-160.6149778,208.8060112,1164.278638
8.4050,-160.9498032,208.8146167,1164.347542
8.4100,-161.2894979,208.8227563,1164.418592
8.4150,-161.6342242,208.8300784,1164.491959
8.4200,-161.9838859,208.8373289,1164.567735
8.4250,-162.3373331,208.8433699,1164.645429
8.4300,-162.694429,208.8476424,1164.72508
8.4350,-163.0551993,208.8511255,1164.806639
8.4400,-163.4192551,208.8545975,1164.889868
8.4450,-163.787,208.8591699,1164.974849
8.4500,-164.1564583,208.864764,1165.060839
8.4550,-164.5291848,208.8724068,1165.148143
8.4600,-164.9028065,208.8826843,1165.2358
8.4650,-165.2786547,208.8968089,1165.324148
8.4700,-165.6568857,208.9143254,1165.413121
8.4750,-166.0378034,208.9356416,1165.502814
8.4800,-166.4217205,208.961692,1165.59354
8.4850,-166.8092236,208.9925751,1165.685598
8.4900,-167.1984806,209.029872,1165.778561
8.4950,-167.5903286,209.0721731,1165.872852
8.5000,-167.983669,209.1196096,1165.968306
8.5050,-168.3788494,209.1702723,1166.065184
8.5100,-168.7741753,209.2235509,1166.162909
8.5150,-169.1697281,209.2781132,1166.261735
8.5200,-169.5643206,209.3340282,1166.361199
8.5250,-169.9570873,209.3912878,1166.460907
8.5300,-170.3479037,209.4489234,1166.560903
8.5350,-170.7351818,209.5076564,1166.660419
8.5400,-171.1194981,209.5676871,1166.759746
8.5450,-171.5004242,209.6293648,1166.858755
8.5500,-171.8771872,209.69214,1166.95714
8.5550,-172.249819,209.7565033,1167.054926
8.5600,-172.6176693,209.8226377,1167.151982
8.5650,-172.9804968,209.8898084,1167.248161
8.5700,-173.3379826,209.9578527,1167.343284
8.5750,-173.6889176,210.0271371,1167.436787
8.5800,-174.0309337,210.0968733,1167.527605
8.5850,-174.3642435,210.1668475,1167.615598
8.5900,-174.6881103,210.2372087,1167.700301
8.5950,-175.0019582,210.3085013,1167.78123
8.6000,-175.3067192,210.3813476,1167.858689
8.6050,-175.6020225,210.4566032,1167.932421
8.6100,-175.8885485,210.5345616,1168.002651
8.6150,-176.1657454,210.6151056,1168.069106
8.6200,-176.4334196,210.6981694,1168.131979
8.6250,-176.6906242,210.7820652,1168.191064
8.6300,-176.9381158,210.8663406,1168.246606
8.6350,-177.1753697,210.9493761,1168.298597
8.6400,-177.4029696,211.0307326,1168.34726
8.6450,-177.6213388,211.1086012,1168.392837
8.6500,-177.8305846,211.1814845,1168.435496
8.6550,-178.0305643,211.2484554,1168.474807
8.6600,-178.2208562,211.3090231,1168.510608
8.6650,-178.4033242,211.3625766,1168.543695
8.6700,-178.5789974,211.4086797,1168.574381
8.6750,-178.7485172,211.4488675,1168.603094
8.6800,-178.9113072,211.4836234,1168.629507
8.6850,-179.067722,211.513221,1168.653688
8.6900,-179.2186526,211.5380776,1168.676096
8.6950,-179.3644042,211.5584871,1168.696849
8.7000,-179.5049075,211.5739497,1168.715673
8.7050,-179.6401336,211.5840439,1168.732629
8.7100,-179.7699815,211.5885132,1168.747552
8.7150,-179.8951565,211.5881091,1168.76055
8.7200,-180.0156439,211.5830075,1168.771441
8.7250,-180.1319113,211.5739653,1168.780487
8.7300,-180.2440121,211.5609268,1168.787498
8.7350,-180.351734,211.5438055,1168.792352
8.7400,-180.4556846,211.5241619,1168.795267
8.7450,-180.5548542,211.5020736,1168.795635
8.7500,-180.6497793,211.478062,1168.793602
8.7550,-180.7395599,211.4537182,1168.78873
8.7600,-180.825809,211.429083,1168.781624
8.7650,-180.9076909,211.4040576,1168.771996
8.7700,-180.9855448,211.3792128,1168.759852
8.7750,-181.0593487,211.3541068,1168.7451
8.7800,-181.1293649,211.3288753,1168.727715
8.7850,-181.1949599,211.3034015,1168.707454
8.7900,-181.2574715,211.2768536,1168.684542
8.7950,-181.3164582,211.2490004,1168.658788
8.8000,-181.37394,211.2202522,1168.631128
8.8050,-181.4293604,211.1924003,1168.601163
8.8100,-181.4851947,211.1669228,1168.569934
8.8150,-181.541391,211.1447891,1168.53734
8.8200,-181.5991991,211.127417,1168.503951
8.8250,-181.6588049,211.1150428,1168.469902
8.8300,-181.7210859,211.1088246,1168.435577
8.8350,-181.7868775,211.107702,1168.401683
8.8400,-181.8556824,211.1107644,1168.368101
8.8450,-181.9266837,211.1167681,1168.334812
8.8500,-182.0003174,211.125286,1168.302046
8.8550,-182.0758713,211.1361758,1168.269599
8.8600,-182.1532861,211.1486244,1168.2374
8.8650,-182.2315655,211.1627534,1168.205088
8.8700,-182.3102517,211.1799391,1168.172398
8.8750,-182.3898111,211.2001628,1168.139518
8.8800,-182.4708237,211.2244125,1168.106662
8.8850,-182.5526225,211.2519504,1168.073549
8.8900,-182.6363762,211.2831614,1168.040751
8.8950,-182.7220218,211.3190467,1168.008301
8.9000,-182.8086153,211.3592282,1167.975933
8.9050,-182.8969993,211.4027351,1167.944295
8.9100,-182.9866676,211.4490056,1167.913065
8.9150,-183.0777851,211.4982539,1167.882406
8.9200,-183.1708057,211.5502079,1167.852455
8.9250,-183.2660387,211.6045011,1167.823331
8.9300,-183.3629744,211.6611502,1167.794925
8.9350,-183.4621183,211.719933,1167.767364
8.9400,-183.5630663,211.7804318,1167.740583
8.9450,-183.665286,211.8436094,1167.714335
8.9500,-183.7697345,211.9089266,1167.689073
8.9550,-183.876685,211.977549,1167.665175
8.9600,-183.9872312,212.0481635,1167.643265
8.9650,-184.0997804,212.1214996,1167.622647
8.9700,-184.2145071,212.1974652,1167.603617
8.9750,-184.3318472,212.2742793,1167.586352
8.9800,-184.4506231,212.3514807,1167.570444
8.9850,-184.571709,212.4283713,1167.556401
8.9900,-184.6941261,212.504012,1167.54378
8.9950,-184.8177029,212.577207,1167.532386
9.0000,-184.9426387,212.6487623,1167.522374
9.0050,-185.0690113,212.719799,1167.513656
9.0100,-185.1960593,212.7897352,1167.505866
9.0150,-185.3232585,212.8584655,1167.49881
9.0200,-185.4509585,212.9260867,1167.492489
9.0250,-185.579234,212.9930205,1167.486893
9.0300,-185.7077805,213.0596425,1167.482017
9.0350,-185.8363463,213.1256944,1167.477702
9.0400,-185.9646219,213.1902252,1167.473888
9.0450,-186.0927947,213.2529459,1167.470745
9.0500,-186.222234,213.3131792,1167.468942
9.0550,-186.3529636,213.3700809,1167.468783
9.0600,-186.4841992,213.4221106,1167.469928
9.0650,-186.6165533,213.4697699,1167.472814
9.0700,-186.7490402,213.511782,1167.476922
9.0750,-186.8818184,213.5472745,1167.482396
9.0800,-187.0145445,213.5755041,1167.488979
9.0850,-187.1471218,213.5966128,1167.496474
9.0900,-187.2795041,213.6097042,1167.504911
9.0950,-187.4122266,213.6162437,1167.514459
9.1000,-187.5448951,213.6152499,1167.524674
9.1050,-187.6776638,213.6057898,1167.535504
9.1100,-187.8094442,213.5875705,1167.546447
9.1150,-187.9409408,213.5610369,1167.557672
9.1200,-188.0713728,213.5260897,1167.568722
9.1250,-188.2018295,213.4838148,1167.580102
9.1300,-188.3317185,213.4338839,1167.591315
9.1350,-188.4609507,213.3777344,1167.602131
9.1400,-188.5898907,213.3158968,1167.612694
9.1450,-188.7196637,213.250695,1167.62322
9.1500,-188.8502594,213.183485,1167.633664
9.1550,-188.9823448,213.115052,1167.644225
9.1600,-189.1164593,213.0473753,1167.65511
9.1650,-189.2537495,212.9805501,1167.666783
9.1700,-189.3947582,212.9162131,1167.679716
9.1750,-189.5398878,212.8555291,1167.694023
9.1800,-189.6901924,212.7989887,1167.710341
9.1850,-189.8458512,212.747988,1167.728798
9.1900,-190.006481,212.7041319,1167.749404
9.1950,-190.1732589,212.6666546,1167.772766
9.2000,-190.3459742,212.6367263,1167.798855
9.2050,-190.524778,212.6131642,1167.827544
9.2100,-190.7101381,212.597428,1167.859273
9.2150,-190.9018206,212.587934,1167.89408
9.2200,-191.0993324,212.5845279,1167.931953
9.2250,-191.302802,212.5874983,1167.973062
9.2300,-191.5117586,212.5966805,1168.017372
9.2350,-191.7263015,212.611344,1168.065074
9.2400,-191.9451792,212.6316878,1168.115611
9.2450,-192.1686728,212.6562172,1168.16934
9.2500,-192.3960903,212.6868274,1168.225951
9.2550,-192.6269486,212.7213975,1168.285215
9.2600,-192.860243,212.7616971,1168.34672
9.2650,-193.0958267,212.8071465,1168.410572
9.2700,-193.3332371,212.8563293,1168.476597
9.2750,-193.5710087,212.9100193,1168.544148
9.2800,-193.8103705,212.9679194,1168.613989
9.2850,-194.0495029,213.0292482,1168.685394
9.2900,-194.2882648,213.0948123,1168.758256
9.2950,-194.5256601,213.1640934,1168.832216
9.3000,-194.7610865,213.2367515,1168.907047
9.3050,-194.9932344,213.3114133,1168.982034
9.3100,-195.22221,213.3874166,1169.057144
9.3150,-195.4473523,213.4646297,1169.1321
9.3200,-195.6679716,213.5433678,1169.206553
9.3250,-195.8834014,213.6232174,1169.280129
9.3300,-196.0937389,213.7035904,1169.352825
9.3350,-196.298435,213.7845307,1169.424269
9.3400,-196.4963884,213.8668263,1169.493974
9.3450,-196.6875159,213.9489777,1169.56195
9.3500,-196.870385,214.030955,1169.627517
9.3550,-197.0439687,214.1123304,1169.689951
9.3600,-197.2077945,214.1931314,1169.749086
9.3650,-197.3605222,214.2728675,1169.804199
9.3700,-197.5021133,214.3511482,1169.855285
9.3750,-197.6313964,214.4268298,1169.901709
9.3800,-197.7484066,214.5003017,1169.943461
9.3850,-197.8530408,214.5704528,1169.980554
9.3900,-197.9447317,214.6368713,1170.012693
9.3950,-198.0229296,214.6995486,1170.039543
9.4000,-198.0872635,214.7587763,1170.061043
9.4050,-198.1383267,214.8143978,1170.077537
9.4100,-198.1757545,214.8656301,1170.088718
9.4150,-198.1994001,214.9116296,1170.094548
9.4200,-198.2103431,214.952043,1170.095751
9.4250,-198.2071422,214.9857622,1170.091613
9.4300,-198.1909425,215.0121222,1170.082764
9.4350,-198.1622766,215.0301161,1170.069515
9.4400,-198.1210892,215.0406355,1170.051807
9.4450,-198.0676658,215.0426387,1170.029955
9.4500,-198.0012352,215.0360991,1170.003517
9.4550,-197.9238087,215.0212633,1169.97352
9.4600,-197.8353041,214.9985087,1169.939973
9.4650,-197.7358832,214.9696422,1169.903043
9.4700,-197.6265247,214.934729,1169.863248
9.4750,-197.5076245,214.8935537,1169.820938
9.4800,-197.379967,214.8473458,1169.776423
9.4850,-197.2443656,214.7967179,1169.730322
9.4900,-197.1013099,214.7423635,1169.682779
9.4950,-196.9502593,214.6842876,1169.63359
9.5000,-196.7925401,214.6226795,1169.583418
9.5050,-196.6284518,214.5592696,1169.532489
9.5100,-196.4583718,214.4938979,1169.481091
9.5150,-196.2828854,214.4283543,1169.429579
9.5200,-196.1024896,214.3631863,1169.378103
9.5250,-195.9185627,214.2981133,1169.327333
9.5300,-195.7314821,214.2343265,1169.277508
9.5350,-195.5414698,214.1716774,1169.228685
9.5400,-195.3494709,214.1099117,1169.181388
9.5450,-195.1566304,214.0494294,1169.136215
9.5500,-194.9632331,213.9894624,1169.093284
9.5550,-194.7699085,213.9303553,1169.05303
9.5600,-194.5763295,213.8705392,1169.015175
9.5650,-194.3839933,213.8102674,1168.980292
9.5700,-194.1934147,213.7499463,1168.94848
9.5750,-194.0048819,213.6896404,1168.919959
9.5800,-193.8186111,213.629551,1168.894711
9.5850,-193.635144,213.5709533,1168.872784
9.5900,-193.4547689,213.5140697,1168.854394
9.5950,-193.2787892,213.4598246,1168.840031
9.6000,-193.1067011,213.4087693,1168.829343
9.6050,-192.939566,213.3611979,1168.822823
9.6100,-192.7766797,213.3185324,1168.820197
9.6150,-192.619392,213.2812081,1168.822079
9.6200,-192.4682337,213.2488422,1168.828729
9.6250,-192.3225927,213.2211425,1168.839829
9.6300,-192.1825087,213.1993204,1168.855243
9.6350,-192.0485573,213.1829142,1168.875407
9.6400,-191.9210628,213.1721936,1168.900387
9.6450,-191.8000267,213.1685066,1168.930025
9.6500,-191.6860603,213.1708702,1168.964538
9.6550,-191.5788835,213.1788089,1169.003783
9.6600,-191.4797606,213.1930069,1169.048239
9.6650,-191.3884186,213.2134143,1169.097754
9.6700,-191.3054666,213.2392526,1169.152614
9.6750,-191.2310398,213.2711437,1169.212862
9.6800,-191.165131,213.3094055,1169.278477
9.6850,-191.1076188,213.3535249,1169.349318
9.6900,-191.0592062,213.4040694,1169.425705
9.6950,-191.0191935,213.4609791,1169.507498
9.7000,-190.9876006,213.5229973,1169.594349
9.7050,-190.9638981,213.5893593,1169.685995
9.7100,-190.9479086,213.6596201,1169.782335
9.7150,-190.9396508,213.7337934,1169.883252
9.7200,-190.9390427,213.8105538,1169.988622
9.7250,-190.9455768,213.8894585,1170.097899
9.7300,-190.9589197,213.9706193,1170.210996
9.7350,-190.978149,214.0541779,1170.32741
9.7400,-191.0036453,214.1391699,1170.44741
9.7450,-191.0347471,214.2252256,1170.570468
9.7500,-191.0714386,214.3121546,1170.69669
9.7550,-191.1125175,214.399966,1170.825415
9.7600,-191.1583285,214.4876143,1170.956809
9.7650,-191.20886,214.574337,1171.090649
9.7700,-191.2631671,214.6600425,1171.22642
9.7750,-191.3209623,214.7451872,1171.363877
9.7800,-191.3813753,214.8293154,1171.502722
9.7850,-191.4441344,214.9119384,1171.642647
9.7900,-191.5091237,214.9920134,1171.783623
9.7950,-191.5759693,215.0699676,1171.925343
9.8000,-191.6443265,215.14479,1172.067742
9.8050,-191.71414,215.2162668,1172.210865
9.8100,-191.7841696,215.2842225,1172.354046
9.8150,-191.8542659,215.3483002,1172.497238
9.8200,-191.9236582,215.4076105,1172.640051
9.8250,-191.9911256,215.4619861,1172.781923
9.8300,-192.0570223,215.5094673,1172.922987
9.8350,-192.1207158,215.5502619,1173.062839
9.8400,-192.1827107,215.5845237,1173.201771
9.8450,-192.2424664,215.6113842,1173.339491
9.8500,-192.2993735,215.6302468,1173.475741
9.8550,-192.354328,215.6410275,1173.610885
9.8600,-192.4076058,215.6430478,1173.745227
9.8650,-192.4583503,215.6354162,1173.878532
9.8700,-192.5067122,215.6177807,1174.01091
9.8750,-192.5527392,215.5902382,1174.142514
9.8800,-192.5961322,215.5512154,1174.273203
9.8850,-192.6372114,215.5009364,1174.403318
9.8900,-192.6760415,215.4380949,1174.532726
9.8950,-192.7131122,215.3629004,1174.661823
9.9000,-192.7484847,215.2757877,1174.790809
9.9050,-192.7827368,215.1775431,1174.919856
9.9100,-192.8163068,215.0686229,1175.049218
9.9150,-192.8479201,214.9489412,1175.178227
9.9200,-192.8773016,214.8186053,1175.30672
9.9250,-192.9051406,214.6792938,1175.435145
9.9300,-192.9309027,214.5307517,1175.563377
9.9350,-192.953862,214.3737216,1175.690951
9.9400,-192.9743714,214.2074422,1175.818044
9.9450,-192.9923295,214.0317903,1175.94463
9.9500,-193.0067908,213.8491783,1176.070196
9.9550,-193.0189116,213.6582639,1176.195145
9.9600,-193.0283909,213.4600419,1176.319463
9.9650,-193.0355662,213.2546733,1176.44313
9.9700,-193.0399997,213.0440863,1176.565826
9.9750,-193.0418724,212.8282587,1176.68765
9.9800,-193.0410996,212.6070856,1176.808458
9.9850,-193.0390909,212.3803395,1176.928864
9.9900,-193.0346246,212.1488154,1177.048247
9.9950,-193.0287528,211.9111999,1177.166937
10.0000,-193.0222421,211.6682779,1177.285524
10.0050,-193.0143401,211.4217185,1177.403515
10.0100,-193.0058145,211.1715835,1177.521255
10.0150,-192.9962407,210.9179903,1177.638629
10.0200,-192.985687,210.6613631,1177.755603
10.0250,-192.9753995,210.4026033,1177.872828
10.0300,-192.9643102,210.1431944,1177.989686
10.0350,-192.9529267,209.8829288,1178.106322
10.0400,-192.940805,209.6223295,1178.222237
10.0450,-192.9282426,209.3627233,1178.33754
10.0500,-192.9152208,209.1052331,1178.452053
10.0550,-192.9010856,208.849927,1178.565432
10.0600,-192.8852468,208.5970734,1178.677416
10.0650,-192.8669344,208.3469725,1178.787655
10.0700,-192.8457963,208.0994336,1178.895853
10.0750,-192.8209473,207.8551726,1179.001599
10.0800,-192.7932091,207.6130412,1179.105204
10.0850,-192.7608234,207.3744615,1179.205782
10.0900,-192.7240507,207.1400142,1179.303348
10.0950,-192.6830134,206.9097226,1179.397994
10.1000,-192.6374205,206.6842023,1179.48931
10.1050,-192.5866782,206.4639691,1179.57678
10.1100,-192.5321215,206.2487864,1179.661084
10.1150,-192.4737676,206.0380246,1179.742134
10.1200,-192.4123092,205.8322839,1179.82029
10.1250,-192.3475143,205.6316938,1179.895443
10.1300,-192.2792975,205.4357932,1179.967696
10.1350,-192.2091091,205.2449847,1180.037819
10.1400,-192.1361386,205.0568736,1180.105531
10.1450,-192.059939,204.8729336,1180.170681
10.1500,-191.9795595,204.6915615,1180.233
10.1550,-191.8950989,204.5121063,1180.292413
10.1600,-191.8073952,204.3343966,1180.34934
10.1650,-191.7159714,204.1573444,1180.403273
10.1700,-191.6213204,203.9813333,1180.45456
10.1750,-191.523356,203.804821,1180.503056
10.1800,-191.4217491,203.6288089,1180.548458
10.1850,-191.3172531,203.4525209,1180.591124
10.1900,-191.2099391,203.2748334,1180.631202
10.1950,-191.0990057,203.0965557,1180.668299
10.2000,-190.983973,202.9163585,1180.702208
10.2050,-190.8651203,202.7337259,1180.733167
10.2100,-190.7427547,202.5484792,1180.761422
10.2150,-190.6166633,202.3607206,1180.786711
10.2200,-190.4872505,202.1708095,1180.809302
10.2250,-190.3543268,201.9793952,1180.828962
10.2300,-190.2183777,201.7857243,1180.845853
10.2350,-190.0791182,201.5903905,1180.859664
10.2400,-189.9375621,201.3945246,1180.870732
10.2450,-189.7936398,201.1983942,1180.87891
10.2500,-189.6475227,201.0022261,1180.884252
10.2550,-189.4998181,200.8069255,1180.886985
10.2600,-189.3496482,200.6117761,1180.886687
10.2650,-189.1973175,200.4168779,1180.883536
10.2700,-189.0420171,200.2208652,1180.877274
10.2750,-188.884052,200.0237597,1180.8681
10.2800,-188.7222412,199.8254208,1180.855553
10.2850,-188.5558203,199.6257719,1180.839312
10.2900,-188.3852825,199.4243298,1180.819666
10.2950,-188.2099037,199.2209928,1180.796361
10.3000,-188.0296502,199.0162978,1180.769367
10.3050,-187.8453318,198.8087615,1180.739377
10.3100,-187.6571963,198.5981106,1180.706524
10.3150,-187.4656054,198.3855885,1180.671023
10.3200,-187.2705224,198.171339,1180.632915
10.3250,-187.0720839,197.9548333,1180.592352
10.3300,-186.8721364,197.7367483,1180.550191
10.3350,-186.6717507,197.5188681,1180.506964
10.3400,-186.4718822,197.3017085,1180.463202
10.3450,-186.2723708,197.0857543,1180.418884
10.3500,-186.0748301,196.8714326,1180.37478
10.3550,-185.8795446,196.6593439,1180.330981
10.3600,-185.6864891,196.4513378,1180.287343
10.3650,-185.4965302,196.2471745,1180.244225
10.3700,-185.3103855,196.0479149,1180.201918
10.3750,-185.1276653,195.8535018,1180.160152
10.3800,-184.9481533,195.6651254,1180.118731
10.3850,-184.7730194,195.4814668,1180.078231
10.3900,-184.6025465,195.303018,1180.038735
10.3950,-184.4367233,195.1294671,1180.000108
10.4000,-184.2756215,194.9617849,1179.962445
10.4050,-184.1198584,194.7997235,1179.926075
10.4100,-183.9683072,194.6435963,1179.890542
10.4150,-183.8217304,194.4932113,1179.856171
10.4200,-183.6803193,194.3490281,1179.822981
10.4250,-183.5443979,194.2113181,1179.791166
10.4300,-183.4139536,194.0817966,1179.760348
10.4350,-183.2882074,193.9590797,1179.730354
10.4400,-183.1672408,193.8446346,1179.701091
10.4450,-183.051398,193.7376303,1179.672675
10.4500,-182.9416562,193.6382471,1179.645307
10.4550,-182.8389643,193.546557,1179.619513
10.4600,-182.7426318,193.4628128,1179.594728
10.4650,-182.6542732,193.3883148,1179.571636
10.4700,-182.5736131,193.3222346,1179.550167
10.4750,-182.5012374,193.265687,1179.530448
10.4800,-182.4386149,193.2175594,1179.513173
10.4850,-182.3849261,193.1786742,1179.498018
10.4900,-182.3397842,193.1495337,1179.484734
10.4950,-182.3025069,193.1291782,1179.473134
10.5000,-182.2731645,193.1160218,1179.463392
10.5050,-182.2506239,193.1101793,1179.455003
10.5100,-182.2337141,193.1099091,1179.447544
10.5150,-182.2228016,193.1145253,1179.441209
10.5200,-182.2162722,193.1239401,1179.435189
10.5250,-182.2142543,193.1359837,1179.429686
10.5300,-182.2173916,193.1516987,1179.424796
10.5350,-182.2257116,193.1697849,1179.42065
10.5400,-182.2378556,193.1907614,1179.416557
10.5450,-182.253342,193.2150017,1179.412391
10.5500,-182.2718029,193.2411952,1179.408085
10.5550,-182.2916355,193.2685145,1179.403174
10.5600,-182.3126388,193.2973301,1179.397513
10.5650,-182.333498,193.3272597,1179.390652
10.5700,-182.3539597,193.3572388,1179.382567
10.5750,-182.3727864,193.3875556,1179.37265
10.5800,-182.3906198,193.4166735,1179.361328
10.5850,-182.4063097,193.4449033,1179.348026
10.5900,-182.4207786,193.4714581,1179.333107
10.5950,-182.4336567,193.4965037,1179.316271
10.6000,-182.444042,193.5207417,1179.297088
10.6050,-182.4526158,193.5439017,1179.275727
10.6100,-182.4599827,193.5676859,1179.252278
10.6150,-182.4659443,193.5911445,1179.226714
10.6200,-182.4699297,193.6147943,1179.198691
10.6250,-182.4721906,193.6400231,1179.168314
10.6300,-182.4715438,193.6662303,1179.13523
10.6350,-182.4667435,193.6919011,1179.099107
10.6400,-182.457073,193.7169872,1179.059698
10.6450,-182.4419891,193.741867,1179.016771
10.6500,-182.4207393,193.7658592,1178.970013
10.6550,-182.3935428,193.7897146,1178.91944
10.6600,-182.3597004,193.8122648,1178.864795
10.6650,-182.3195073,193.8347897,1178.80615
10.6700,-182.2724608,193.8568575,1178.743287
10.6750,-182.2206763,193.8787992,1178.676972
10.6800,-182.163273,193.9014157,1178.606914
10.6850,-182.1008946,193.9259032,1178.533301
10.6900,-182.0325674,193.9517966,1178.455786
10.6950,-181.9585101,193.9797078,1178.374563
10.7000,-181.8779832,194.0097734,1178.289321
10.7050,-181.7895661,194.0410761,1178.199588
10.7100,-181.69454,194.0737411,1178.105852
10.7150,-181.5911029,194.1085301,1178.007407
10.7200,-181.479128,194.1451418,1177.90424
10.7250,-181.3586967,194.1829114,1177.796419
10.7300,-181.2302064,194.222099,1177.684158
10.7350,-181.0933028,194.2648985,1177.567189
10.7400,-180.9488591,194.3111246,1177.445829
10.7450,-180.796762,194.3614458,1177.31999
10.7500,-180.637998,194.4168788,1177.19006
10.7550,-180.4712554,194.4785744,1177.055475
10.7600,-180.2974828,194.5470068,1176.916741
10.7650,-180.1150265,194.6215711,1176.773374
10.7700,-179.9241663,194.7024088,1176.625516
10.7750,-179.7238409,194.7895317,1176.472817
10.7800,-179.5135086,194.8825598,1176.315222
10.7850,-179.2932399,194.9790076,1176.153005
10.7900,-179.0623225,195.080286,1175.985938
10.7950,-178.8213117,195.184453,1175.8145
10.8000,-178.5712976,195.2924932,1175.639003
10.8050,-178.3114839,195.4025062,1175.459477
10.8100,-178.0437823,195.5143991,1175.276602
10.8150,-177.7680962,195.6278201,1175.090451
10.8200,-177.4857158,195.7423423,1174.901575
10.8250,-177.1965672,195.8588702,1174.709923
10.8300,-176.9005471,195.9759175,1174.515593
10.8350,-176.5975522,196.0947195,1174.318379
10.8400,-176.2884872,196.2131469,1174.118837
10.8450,-175.9734429,196.331033,1173.916842
10.8500,-175.6529809,196.4484049,1173.71268
10.8550,-175.3282502,196.5656525,1173.506699
10.8600,-174.9990941,196.6819559,1173.298957
10.8650,-174.666057,196.7965394,1173.089802
10.8700,-174.3304701,196.9110923,1172.87957
10.8750,-173.9918826,197.0244226,1172.668242
10.8800,-173.6497472,197.1375383,1172.455535
10.8850,-173.3047188,197.2493309,1172.241936
10.8900,-172.9545502,197.3608002,1172.026741
10.8950,-172.5995467,197.4710751,1171.810219
10.9000,-172.2398489,197.5785814,1171.592563
10.9050,-171.8738971,197.6844065,1171.37336
10.9100,-171.5006436,197.7862169,1171.15266
10.9150,-171.1205519,197.8832304,1170.930787
10.9200,-170.7342007,197.9757093,1170.70814
10.9250,-170.3410652,198.0614139,1170.484861
10.9300,-169.9416548,198.1396034,1170.261281
10.9350,-169.5355119,198.2107247,1170.037336
10.9400,-169.1239517,198.2736218,1169.81368
10.9450,-168.7070283,198.3268383,1169.590534
10.9500,-168.2850072,198.3697498,1169.368058
10.9550,-167.8583841,198.402401,1169.146444
10.9600,-167.4276149,198.425496,1168.925743
10.9650,-166.9932612,198.4385808,1168.706247
10.9700,-166.5564194,198.4418994,1168.488223
10.9750,-166.1166665,198.4359576,1168.271496
10.9800,-165.6747274,198.4207676,1168.056183
10.9850,-165.2317171,198.397086,1167.84246
10.9900,-164.7887407,198.3652926,1167.630643
10.9950,-164.3470537,198.3275615,1167.420979
11.0000,-163.9069436,198.2833782,1167.213554
11.0050,-163.4696618,198.2341436,1167.008694
11.0100,-163.0347154,198.1800803,1166.806113
11.0150,-162.6024645,198.1222483,1166.60577
11.0200,-162.1726854,198.0613522,1166.407584
11.0250,-161.7453463,197.9987153,1166.211332
11.0300,-161.3203824,197.9346376,1166.016939
11.0350,-160.8975056,197.8691894,1165.82427
11.0400,-160.4762076,197.8036789,1165.633168
11.0450,-160.0565815,197.7383153,1165.443624
11.0500,-159.6372847,197.6740807,1165.255123
11.0550,-159.2192387,197.6115755,1165.067854
11.0600,-158.801759,197.5505241,1164.881625
11.0650,-158.3855133,197.4912757,1164.69657
11.0700,-157.9707405,197.4347779,1164.512685
11.0750,-157.5580935,197.3793967,1164.330383
11.0800,-157.1480686,197.3262033,1164.149735
11.0850,-156.7405949,197.2753418,1163.97067
11.0900,-156.3372888,197.2259609,1163.793631
11.0950,-155.9387096,197.1782382,1163.618663
11.1000,-155.5446294,197.1316186,1163.445793
11.1050,-155.1559554,197.0867895,1163.27515
11.1100,-154.7733885,197.043947,1163.106922
11.1150,-154.3979803,197.0026035,1162.941416
11.1200,-154.0301652,196.962577,1162.778755
11.1250,-153.670452,196.9231538,1162.618982
11.1300,-153.3195792,196.8850529,1162.462291
11.1350,-152.9788338,196.8480203,1162.308875
11.1400,-152.6480743,196.8123082,1162.158558
11.1450,-152.3281262,196.778317,1162.011401
11.1500,-152.0190893,196.7452954,1161.867394
11.1550,-151.7199229,196.7139565,1161.726068
11.1600,-151.4305702,196.6849604,1161.587295
11.1650,-151.150727,196.6586415,1161.450795
11.1700,-150.8785376,196.6345477,1161.316163
11.1750,-150.6145311,196.6126768,1161.183497
11.1800,-150.359559,196.5937495,1161.052977
11.1850,-150.1118635,196.5780526,1160.924084
11.1900,-149.8728365,196.5652062,1160.79713
11.1950,-149.6416112,196.5553241,1160.671901
11.2000,-149.4181114,196.5486346,1160.548421
11.2050,-149.2020747,196.54399,1160.426629
11.2100,-148.9940176,196.5426059,1160.30648
11.2150,-148.7941939,196.54386,1160.188146
11.2200,-148.6022142,196.5469463,1160.071723
11.2250,-148.4187758,196.5520403,1159.957356
11.2300,-148.2431321,196.557078,1159.845033
11.2350,-148.0763601,196.5629017,1159.734944
11.2400,-147.9175354,196.5686823,1159.626948
11.2450,-147.7682949,196.5750102,1159.521302
11.2500,-147.6284461,196.5815186,1159.418106
11.2550,-147.4960822,196.5873119,1159.317021
11.2600,-147.3732814,196.5917782,1159.2185
11.2650,-147.2594166,196.595628,1159.122253
11.2700,-147.1547855,196.598293,1159.028279
11.2750,-147.0600297,196.6007762,1158.936569
11.2800,-146.9745632,196.6029647,1158.84693
11.2850,-146.897605,196.605263,1158.75916
11.2900,-146.829461,196.6080357,1158.673314
11.2950,-146.769762,196.6110624,1158.589204
11.3000,-146.7186835,196.614801,1158.506801
11.3050,-146.676227,196.6200619,1158.425745
11.3100,-146.6419235,196.6271995,1158.345911
11.3150,-146.6165187,196.6367871,1158.26749
11.3200,-146.5992479,196.6489784,1158.190231
11.3250,-146.5903531,196.6646087,1158.114175
11.3300,-146.5889979,196.6841573,1158.039073
11.3350,-146.5960128,196.7078337,1157.965112
11.3400,-146.6113677,196.7360886,1157.892189
11.3450,-146.6348671,196.768635,1157.820403
11.3500,-146.6678616,196.8051344,1157.75001
11.3550,-146.7094748,196.843849,1157.681029
11.3600,-146.7600816,196.8847256,1157.613605
11.3650,-146.8192513,196.9281186,1157.547559
11.3700,-146.8860491,196.9719184,1157.482922
11.3750,-146.9603724,197.0172674,1157.41944
11.3800,-147.0416691,197.0624118,1157.357101
11.3850,-147.1298565,197.1076525,1157.295901
11.3900,-147.2233869,197.1519312,1157.235561
11.3950,-147.3213022,197.1956386,1157.175776
11.4000,-147.4233145,197.2386402,1157.116419
11.4050,-147.5291258,197.2812597,1157.057455
11.4100,-147.637649,197.3221067,1156.998756
11.4150,-147.7484713,197.3615422,1156.940156
11.4200,-147.8609762,197.3996303,1156.881497
11.4250,-147.9751009,197.4364315,1156.822743
11.4300,-148.0903355,197.4715605,1156.763761
11.4350,-148.2061314,197.5051736,1156.704561
11.4400,-148.3214652,197.5372117,1156.644987
11.4450,-148.4351863,197.5671659,1156.584896
11.4500,-148.5462531,197.5950834,1156.524118
11.4550,-148.6542975,197.621051,1156.462668
11.4600,-148.7580646,197.6452653,1156.400312
11.4650,-148.8574954,197.6676899,1156.337072
11.4700,-148.9523512,197.6885077,1156.273045
11.4750,-149.0412223,197.7096853,1156.20775
11.4800,-149.1233209,197.7300876,1156.141187
11.4850,-149.1986203,197.7501888,1156.073397
11.4900,-149.2661016,197.7694922,1156.004246
11.4950,-149.3251736,197.7884412,1155.933587
11.5000,-149.3749812,197.8065817,1155.861414
11.5050,-149.4156041,197.8245099,1155.787855
11.5100,-149.4454004,197.8415926,1155.712711
11.5150,-149.4630418,197.8595591,1155.635598
11.5200,-149.4682104,197.8775993,1155.556434
11.5250,-149.4601681,197.8964636,1155.475001
11.5300,-149.4395709,197.9189408,1155.39136
11.5350,-149.4063889,197.943555,1155.305611
11.5400,-149.361541,197.971813,1155.217938
11.5450,-149.3049483,198.0043293,1155.128231
11.5500,-149.2375719,198.0414365,1155.036734
11.5550,-149.161138,198.0845473,1154.943678
11.5600,-149.0766333,198.1342472,1154.849242
11.5650,-148.9854056,198.1897727,1154.753787
11.5700,-148.8888976,198.2518269,1154.657652
11.5750,-148.7875836,198.3206779,1154.560981
11.5800,-148.6834838,198.3963359,1154.464136
11.5850,-148.5772885,198.4781662,1154.367313
11.5900,-148.471167,198.5662592,1154.270875
11.5950,-148.3641266,198.6598606,1154.174678
11.6000,-148.2583107,198.7591434,1154.079087
11.6050,-148.1541714,198.863465,1153.984389
11.6100,-148.0522291,198.9720204,1153.890751
11.6150,-147.9533082,199.0835873,1153.798203
11.6200,-147.8590779,199.1983891,1153.707083
11.6250,-147.7690232,199.31562,1153.617303
11.6300,-147.6849752,199.4335,1153.529315
11.6350,-147.6059575,199.5515596,1153.442869
11.6400,-147.5325265,199.6674358,1153.358237
11.6450,-147.4652942,199.781638,1153.275242
11.6500,-147.4044182,199.8936424,1153.194101
11.6550,-147.3504596,200.0030207,1153.11489
11.6600,-147.3033722,200.1103587,1153.037444
11.6650,-147.2638542,200.2142229,1152.961993
11.6700,-147.2337458,200.3158554,1152.888665
11.6750,-147.2133026,200.4140843,1152.817503
11.6800,-147.2023445,200.5100387,1152.748412
11.6850,-147.2019394,200.6039231,1152.681569
11.6900,-147.2143312,200.695553,1152.617276
11.6950,-147.2408867,200.7836227,1152.555819
11.7000,-147.2829716,200.8679235,1152.49744
11.7050,-147.3415082,200.9478877,1152.442255
11.7100,-147.4177109,201.0249588,1152.390359
11.7150,-147.512472,201.0988681,1152.341956
11.7200,-147.6262219,201.1695678,1152.297082
11.7250,-147.7599607,201.2373026,1152.255911
11.7300,-147.9134912,201.3027495,1152.218432
11.7350,-148.086102,201.3656447,1152.184463
11.7400,-148.2779498,201.4251106,1152.154142
11.7450,-148.4891278,201.4821876,1152.127483
11.7500,-148.7176586,201.5363561,1152.104119
11.7550,-148.962582,201.5877058,1152.083973
11.7600,-149.2222984,201.6351585,1152.066827
11.7650,-149.4936738,201.6780958,1152.052223
11.7700,-149.7761012,201.7160902,1152.040105
11.7750,-150.0678591,201.7463723,1152.030477
11.7800,-150.3658028,201.7690931,1152.022712
11.7850,-150.6681495,201.7841402,1152.01657
11.7900,-150.9729226,201.7911447,1152.011825
11.7950,-151.2789569,201.7910941,1152.008251
11.8000,-151.5845742,201.7844544,1152.005475
11.8050,-151.8890404,201.7717595,1152.003266
11.8100,-152.192423,201.7542533,1152.00167
11.8150,-152.494421,201.73245,1152.000584
11.8200,-152.7936928,201.7075949,1151.999749
11.8250,-153.0915644,201.6806567,1151.999394
11.8300,-153.3876414,201.6519203,1151.999357
11.8350,-153.6817914,201.6217885,1151.999617
11.8400,-153.9749259,201.5899278,1152.000272
11.8450,-154.2671499,201.556543,1152.001469
11.8500,-154.560211,201.5220217,1152.003386
11.8550,-154.8546922,201.4862715,1152.006148
11.8600,-155.1504518,201.4488982,1152.009734
11.8650,-155.4477098,201.4106692,1152.014135
11.8700,-155.7469468,201.3720751,1152.019426
11.8750,-156.0481679,201.3320352,1152.025579
11.8800,-156.3521179,201.2916558,1152.032814
11.8850,-156.6585087,201.2514186,1152.041011
11.8900,-156.9661227,201.2113449,1152.049844
11.8950,-157.2766733,201.1716192,1152.059821
11.9000,-157.5886686,201.1316571,1152.070596
11.9050,-157.9013406,201.0906165,1152.082211
11.9100,-158.2147129,201.04865,1152.094634
11.9150,-158.528025,201.0054695,1152.107844
11.9200,-158.8391992,200.9600284,1152.121381
11.9250,-159.1486817,200.9123585,1152.135372
11.9300,-159.4546242,200.8640893,1152.149322
11.9350,-159.7585496,200.8135424,1152.163742
11.9400,-160.0588888,200.762834,1152.178027
11.9450,-160.3554124,200.7120391,1152.192227
11.9500,-160.6476863,200.6598518,1152.206224
11.9550,-160.9358981,200.6080217,1152.21995
11.9600,-161.2191224,200.5576496,1152.233093
11.9650,-161.4986946,200.5093105,1152.245952
11.9700,-161.7731889,200.4636836,1152.258161
11.9750,-162.043433,200.4227865,1152.269853
11.9800,-162.3110321,200.3866063,1152.28144
11.9850,-162.5766352,200.3554054,1152.293109
11.9900,-162.840517,200.3293655,1152.305029
11.9950,-163.102957,200.3092768,1152.317326
12.0000,-163.3633344,200.2957381,1152.32978
12.0050,-163.6217822,200.2883984,1152.342481
12.0100,-163.877606,200.2871269,1152.355283
12.0150,-164.1292963,200.2932617,1152.36773
12.0200,-164.377409,200.306012,1152.380046
12.0250,-164.6202547,200.3257213,1152.391787
12.0300,-164.8563331,200.3518366,1152.402551
12.0350,-165.0867612,200.3842594,1152.41269
12.0400,-165.310374,200.4242063,1152.421851
12.0450,-165.5268294,200.4700728,1152.430005
12.0500,-165.7375669,200.5228691,1152.437442
12.0550,-165.9419395,200.5819794,1152.443966
12.0600,-166.1410755,200.6485226,1152.449873
12.0650,-166.3365723,200.7236929,1152.455487
12.0700,-166.5274008,200.8088728,1152.46046
12.0750,-166.7143597,200.9061063,1152.464799
12.0800,-166.8983533,201.0164263,1152.468696
12.0850,-167.0798758,201.1398997,1152.472238
12.0900,-167.2606822,201.2776106,1152.475747
12.0950,-167.4409225,201.4286057,1152.479286
12.1000,-167.6221609,201.5928435,1152.48324
12.1050,-167.804836,201.7702973,1152.487865
12.1100,-167.9897982,201.9603379,1152.493225
12.1150,-168.1771105,202.1622015,1152.499475
12.1200,-168.3689779,202.3746537,1152.507221
12.1250,-168.5645969,202.5967822,1152.51635
12.1300,-168.7651204,202.8260898,1152.527358
12.1350,-168.9704312,203.0623854,1152.540221
12.1400,-169.1798557,203.3041578,1152.554909
12.1450,-169.3930077,203.5505061,1152.571246
12.1500,-169.6088284,203.8002219,1152.589113
12.1550,-169.826122,204.0512063,1152.608256
12.1600,-170.0447515,204.3041934,1152.628596
12.1650,-170.2641586,204.5587229,1152.649954
12.1700,-170.4838964,204.8137203,1152.672166
12.1750,-170.7044187,205.0697524,1152.695365
12.1800,-170.9243242,205.3251081,1152.719156
12.1850,-171.1443419,205.5781382,1152.743766
12.1900,-171.3645735,205.8289692,1152.769171
12.1950,-171.5849383,206.0760006,1152.79531
12.2000,-171.8052456,206.3186475,1152.822128
12.2050,-172.0273891,206.5565674,1152.850088
12.2100,-172.250533,206.7893186,1152.87898
12.2150,-172.4739106,207.0165299,1152.908631
12.2200,-172.6992658,207.2379702,1152.939498
12.2250,-172.9248491,207.4521563,1152.971182
12.2300,-173.15071,207.6578234,1153.003792
12.2350,-173.3750158,207.8559123,1153.036783
12.2400,-173.5977057,208.0460952,1153.070268
12.2450,-173.8183374,208.2274872,1153.104161
12.2500,-174.0360336,208.4018172,1153.138135
12.2550,-174.2508744,208.5683786,1153.172303
12.2600,-174.4623407,208.7264453,1153.206521
12.2650,-174.6699868,208.8757944,1153.240732
12.2700,-174.8724841,209.0160838,1153.274593
12.2750,-175.0702925,209.146363,1153.308274
12.2800,-175.2615394,209.2667615,1153.341227
12.2850,-175.4452383,209.3764483,1153.373135
12.2900,-175.6192097,209.475804,1153.403329
12.2950,-175.7834116,209.5653194,1153.431736
12.3000,-175.9371368,209.646151,1153.458183
12.3050,-176.0797699,209.7184486,1153.482451
12.3100,-176.2126783,209.7825133,1153.505004
12.3150,-176.3361064,209.838376,1153.525798
12.3200,-176.4492502,209.8871122,1153.544582
12.3250,-176.5532023,209.9277604,1153.561762
12.3300,-176.6486493,209.9606416,1153.577524
12.3350,-176.7358302,209.9857837,1153.591973
12.3400,-176.8152447,210.0019013,1153.605288
12.3450,-176.8867912,210.0084891,1153.617636
12.3500,-176.9494974,210.0054201,1153.628739
12.3550,-177.0040632,209.9930153,1153.638895
12.3600,-177.0500303,209.968997,1153.648026
12.3650,-177.0863924,209.9332223,1153.655901
12.3700,-177.1127195,209.8833146,1153.662544
12.3750,-177.1290336,209.8201745,1153.668068
12.3800,-177.1355416,209.7421511,1153.672654
12.3850,-177.1317281,209.6497599,1153.676283
12.3900,-177.1167496,209.5441016,1153.678783
12.3950,-177.0910634,209.4248456,1153.680465
12.4000,-177.054057,209.2938642,1153.681145
12.4050,-177.0053752,209.1503939,1153.680803
12.4100,-176.9439855,208.9951185,1153.679264
12.4150,-176.8703996,208.8278429,1153.676778
12.4200,-176.7839883,208.6495348,1153.673172
12.4250,-176.6845338,208.4603656,1153.668292
12.4300,-176.5715257,208.2608407,1153.662015
12.4350,-176.4460606,208.0517908,1153.654669
12.4400,-176.3083856,207.8344849,1153.646224
12.4450,-176.1597881,207.6085486,1153.637127
12.4500,-176.0004685,207.3767101,1153.627397
12.4550,-175.8325151,207.140675,1153.61757
12.4600,-175.6569294,206.9012553,1153.607989
12.4650,-175.4742652,206.6595432,1153.598726
12.4700,-175.2847264,206.4171369,1153.589871
12.4750,-175.0893456,206.1733758,1153.581665
12.4800,-174.8884596,205.9301083,1153.574107
12.4850,-174.6828808,205.6898397,1153.567304
12.4900,-174.4711174,205.4514814,1153.560809
12.4950,-174.2524472,205.216242,1153.554252
12.5000,-174.0271019,204.9843961,1153.547656
12.5050,-173.7921889,204.7574982,1153.54002
12.5100,-173.5476356,204.5358479,1153.531223
12.5150,-173.2930446,204.3190709,1153.520998
12.5200,-173.02701,204.108607,1153.508787
12.5250,-172.7500577,203.9050841,1153.494647
12.5300,-172.4620493,203.7090501,1153.478341
12.5350,-172.1628576,203.5214857,1153.459734
12.5400,-171.8528955,203.3432664,1153.438784
12.5450,-171.5320221,203.1752303,1153.415338
12.5500,-171.2010628,203.0170367,1153.389693
12.5550,-170.8589401,202.8701757,1153.361381
12.5600,-170.5068788,202.7348058,1153.330785
12.5650,-170.1451581,202.6113981,1153.297865
12.5700,-169.7747309,202.4991486,1153.262912
12.5750,-169.3948691,202.3978767,1153.22571
12.5800,-169.0066296,202.3081852,1153.186394
12.5850,-168.6114136,202.2302319,1153.145292
12.5900,-168.2100787,202.1632626,1153.10258
12.5950,-167.8030489,202.1084803,1153.058395
12.6000,-167.39118,202.0645749,1153.012948
12.6050,-166.976318,202.0321399,1152.966711
12.6100,-166.557328,202.0108506,1152.919334
12.6150,-166.1359284,202.0004842,1152.871452
12.6200,-165.7125976,201.9997116,1152.823242
12.6250,-165.2864158,202.0088803,1152.774433
12.6300,-164.8574719,202.0266386,1152.725217
12.6350,-164.4235839,202.0510668,1152.675155
12.6400,-163.9851563,202.081341,1152.624436
12.6450,-163.5414899,202.1156782,1152.572838
12.6500,-163.09207,202.1522379,1152.520474
12.6550,-162.635388,202.1891113,1152.467019
12.6600,-162.1707717,202.2264872,1152.412445
12.6650,-161.6983122,202.2620769,1152.356916
12.6700,-161.2180974,202.2957354,1152.300505
12.6750,-160.7296337,202.3259561,1152.243167
12.6800,-160.2322332,202.3536752,1152.184766
12.6850,-159.7267997,202.3782426,1152.125552
12.6900,-159.2136221,202.3990445,1152.065703
12.6950,-157.4870778,201.9387395,1152.099381
12.7000,-157.5139561,201.8538128,1152.075749
12.7050,-157.5397277,201.7661216,1152.053398
12.7100,-157.565013,201.6756167,1152.032425
12.7150,-157.5902755,201.5826009,1152.013144
12.7200,-156.0069246,202.4771714,1151.702852
12.7250,-155.4592925,202.483699,1151.644037
12.7300,-154.9101965,202.4895678,1151.58633
12.7350,-154.3593793,202.4935675,1151.529716
12.7400,-153.8074001,202.4971159,1151.474244
12.7450,-153.2548407,202.5006811,1151.420031
12.7500,-152.7022317,202.5041938,1151.367094
12.7550,-152.1499324,202.5069487,1151.315562
12.7600,-151.5980038,202.5095568,1151.2653
12.7650,-151.0471154,202.5105859,1151.216548
12.7700,-150.4969633,202.5097813,1151.169083
12.7750,-149.9477,202.5076194,1151.122963
12.7800,-149.4004788,202.5029524,1151.078381
12.7850,-148.8547575,202.4952116,1151.035199
12.7900,-148.3117577,202.4847654,1150.993648
12.7950,-147.7724292,202.4709634,1150.953927
12.8000,-147.2365336,202.4546727,1150.915959
12.8050,-146.7051401,202.4345853,1150.879931
12.8100,-146.178396,202.4102974,1150.845888
12.8150,-145.6567582,202.3830194,1150.813836
12.8200,-145.1393222,202.3522345,1150.783738
12.8250,-144.6267338,202.3192384,1150.755527
12.8300,-144.1190994,202.2833804,1150.729312
12.8350,-143.6162174,202.2439988,1150.705052
12.8400,-143.1185177,202.2007448,1150.682855
12.8450,-142.6253098,202.1542162,1150.662515
12.8500,-142.1369113,202.1049996,1150.644016
12.8550,-141.6527398,202.0521943,1150.627214
12.8600,-141.173962,201.9962716,1150.612283
12.8650,-140.7001767,201.9362787,1150.599157
12.8700,-140.2321622,201.8745288,1150.587789
12.8750,-139.7707864,201.8107696,1150.578335
12.8800,-139.3173277,201.745737,1150.571032
12.8850,-138.8706074,201.6808554,1150.565526
12.8900,-138.4324253,201.6168108,1150.562103
12.8950,-138.0021776,201.553408,1150.560573
12.9000,-137.5811365,201.4906801,1150.561142
12.9050,-137.1688372,201.4284911,1150.563706
12.9100,-136.7653153,201.3674852,1150.568196
12.9150,-136.3709478,201.3054991,1150.574724
12.9200,-135.9855975,201.2438203,1150.583095
12.9250,-135.6107961,201.1803834,1150.593665
12.9300,-135.2465814,201.1156732,1150.606264
12.9350,-134.8937989,201.0504972,1150.620903
12.9400,-134.5516311,200.9843733,1150.637481
12.9450,-134.2207453,200.9181074,1150.656055
12.9500,-133.9015524,200.8514953,1150.676664
12.9550,-133.5935814,200.78546,1150.699239
12.9600,-133.2977137,200.7200154,1150.723817
12.9650,-133.0132114,200.6565812,1150.750198
12.9700,-132.7404173,200.5956721,1150.778376
12.9750,-132.4791273,200.5372382,1150.808357
12.9800,-132.2297341,200.4818936,1150.840143
12.9850,-131.9917715,200.4299046,1150.873673
12.9900,-131.7651029,200.3808292,1150.908854
12.9950,-131.548935,200.3344684,1150.945574
13.0000,-131.3434863,200.2903912,1150.983828
13.0050,-131.1486586,200.2485935,1151.023536
13.0100,-130.9644677,200.2097294,1151.064615
13.0150,-130.7903444,200.1733464,1151.106947
13.0200,-130.6260934,200.1389948,1151.150516
13.0250,-130.4700919,200.1078228,1151.195075
13.0300,-130.3233598,200.0794052,1151.240608
13.0350,-130.1862126,200.0548496,1151.287158
13.0400,-130.0580508,200.0334953,1151.334712
13.0450,-129.9378346,200.0163814,1151.383021
13.0500,-129.8254923,200.0011566,1151.432257
13.0550,-129.7209236,199.9885867,1151.482248
13.0600,-129.6232464,199.9769709,1151.532953
13.0650,-129.5327608,199.9666207,1151.584466
13.0700,-129.448715,199.9570414,1151.636726
13.0750,-129.369707,199.9475491,1151.689572
13.0800,-129.2951964,199.9384909,1151.742954
13.0850,-129.2240691,199.9282571,1151.796815
13.0900,-129.1550167,199.9179395,1151.850894
13.0950,-129.0864245,199.9069217,1151.905068
13.1000,-129.0178952,199.893437,1151.959347
13.1050,-128.947698,199.8789138,1152.013425
13.1100,-128.8752439,199.8635654,1152.06723
13.1150,-128.7991335,199.8471882,1152.120639
13.1200,-128.7199494,199.8289832,1152.173756
13.1250,-128.6355573,199.8082997,1152.226401
13.1300,-128.5449831,199.785995,1152.278332
13.1350,-128.4485751,199.7623548,1152.329622
13.1400,-128.3448735,199.7376769,1152.380006
13.1450,-128.2336559,199.711697,1152.429506
13.1500,-128.1149188,199.6842898,1152.478149
13.1550,-127.9893772,199.6557591,1152.526113
13.1600,-127.8554113,199.625288,1152.573113
13.1650,-127.7134576,199.5949339,1152.619076
13.1700,-127.5636081,199.5630098,1152.664162
13.1750,-127.4056201,199.5304449,1152.708256
13.1800,-127.2388226,199.4964534,1152.751316
13.1850,-127.0640517,199.4604859,1152.79352
13.1900,-126.880536,199.423034,1152.834703
13.1950,-126.6902635,199.38329,1152.875203
13.2000,-126.4929411,199.341806,1152.914964
13.2050,-126.2891115,199.2997968,1152.953945
13.2100,-126.0795159,199.2562503,1152.992306
13.2150,-125.8636132,199.2125677,1153.029895
13.2200,-125.6425248,199.167472,1153.06701
13.2250,-125.4160911,199.1225652,1153.103548
13.2300,-125.18476,199.0772298,1153.139626
13.2350,-124.9492171,199.0310975,1153.175429
13.2400,-124.7098147,198.9849429,1153.210989
13.2450,-124.4667829,198.9384032,1153.246341
13.2500,-124.2208316,198.8925358,1153.281521
13.2550,-123.9733772,198.8462503,1153.316758
13.2600,-123.7246201,198.8000278,1153.35209
13.2650,-123.4752154,198.7534011,1153.387588
13.2700,-123.2268837,198.7067719,1153.423462
13.2750,-122.979887,198.6606168,1153.459691
13.2800,-122.7357352,198.6144528,1153.496454
13.2850,-122.4946274,198.5687977,1153.533659
13.2900,-122.2575873,198.5245748,1153.571395
13.2950,-122.0262894,198.481588,1153.609777
13.3000,-121.8012194,198.4399287,1153.648827
13.3050,-121.5828748,198.4000973,1153.688593
13.3100,-121.3722162,198.3622656,1153.729147
13.3150,-121.1697509,198.3250141,1153.770636
13.3200,-120.9753182,198.2898724,1153.812865
13.3250,-120.7900476,198.2560116,1153.855978
13.3300,-120.6139381,198.2234551,1153.900046
13.3350,-120.446956,198.1918522,1153.944994
13.3400,-120.2893642,198.1610975,1153.990821
13.3450,-120.1421962,198.1304599,1154.037717
13.3500,-120.0054655,198.101858,1154.085514
13.3550,-119.8789344,198.0748368,1154.134253
13.3600,-119.7624815,198.0500098,1154.183946
13.3650,-119.6559616,198.0269695,1154.2345
13.3700,-119.5598673,198.0062182,1154.286089
13.3750,-119.4742348,197.9871496,1154.338739
13.3800,-119.39892,197.9696541,1154.392426
13.3850,-119.3339726,197.9540701,1154.4472
13.3900,-119.2792819,197.9395347,1154.503141
13.3950,-119.2345164,197.9252839,1154.560273
13.4000,-119.1989409,197.9129513,1154.618334
13.4050,-119.1724655,197.9008805,1154.677469
13.4100,-119.153719,197.8887957,1154.737446
13.4150,-119.1431635,197.876491,1154.798327
13.4200,-119.1402168,197.86474,1154.859898
13.4250,-119.1443221,197.8536196,1154.922006
13.4300,-119.155117,197.8428694,1154.984637
13.4350,-119.1713477,197.8333118,1155.047429
13.4400,-119.1926409,197.8246522,1155.11039
13.4450,-119.218618,197.8173199,1155.173478
13.4500,-119.2474552,197.8106435,1155.236401
13.4550,-119.2788409,197.8050522,1155.299075
13.4600,-119.3131056,197.8009954,1155.3615
13.4650,-119.348669,197.7980846,1155.423547
13.4700,-119.3847423,197.7971595,1155.48504
13.4750,-119.421009,197.7964022,1155.546063
13.4800,-119.4576102,197.7957961,1155.606622
13.4850,-119.4939936,197.7960685,1155.666583
13.4900,-119.5298068,197.7957417,1155.726075
13.4950,-119.5641181,197.7964738,1155.784829
13.5000,-119.5960413,197.796839,1155.842735
13.5050,-119.6262842,197.7967166,1155.899932
13.5100,-119.6546429,197.795662,1155.956509
13.5150,-119.6816324,197.7932356,1156.012559
13.5200,-119.7076749,197.7903285,1156.068062
13.5250,-119.7327934,197.7858019,1156.123079
13.5300,-119.7564321,197.7800494,1156.177606
13.5350,-119.7790198,197.7718776,1156.231741
13.5400,-119.8011831,197.762254,1156.285546
13.5450,-119.8224401,197.7510408,1156.338954
13.5500,-119.8429237,197.7364829,1156.392077
13.5550,-119.863256,197.7196317,1156.444957
13.5600,-119.8836626,197.7003177,1156.497583
13.5650,-119.905793,197.6791586,1156.550117
13.5700,-119.9289394,197.6563643,1156.602487
13.5750,-119.9538937,197.6316731,1156.654804
13.5800,-119.9803957,197.605107,1156.707025
13.5850,-120.0105619,197.5775969,1156.759446
13.5900,-120.0439812,197.5488867,1156.812003
13.5950,-120.080814,197.5187932,1156.864706
13.6000,-120.1222948,197.4880127,1156.917662
13.6050,-120.1689758,197.4559786,1156.970982
13.6100,-120.2212122,197.4235169,1157.024625
13.6150,-120.2807475,197.3919451,1157.07877
13.6200,-120.3487938,197.3613956,1157.133577
13.6250,-120.4254358,197.3329523,1157.188975
13.6300,-120.5114439,197.3076615,1157.245039
13.6350,-120.6078646,197.2855896,1157.301962
13.6400,-120.7145895,197.2671691,1157.359766
13.6450,-120.831799,197.2526104,1157.418486
13.6500,-120.9606726,197.2410464,1157.478343
13.6550,-121.1008128,197.2327643,1157.539342
13.6600,-121.2535499,197.2275126,1157.601743
13.6650,-121.4185124,197.2256278,1157.665499
13.6700,-121.5948766,197.2263255,1157.730568
13.6750,-121.7816188,197.2297517,1157.796887
13.6800,-121.9777391,197.2358346,1157.864392
13.6850,-122.1829016,197.2431176,1157.933217
13.6900,-122.3959253,197.2508422,1158.003184
13.6950,-122.6155763,197.2607623,1158.073859
13.7000,-122.8416478,197.2711982,1158.145534
13.7050,-123.0724049,197.2826072,1158.217987
13.7100,-123.3080028,197.2951205,1158.291259
13.7150,-123.5467532,197.3079798,1158.365177
13.7200,-123.7867557,197.3208307,1158.439474
13.7250,-124.0274635,197.3329639,1158.514064
13.7300,-124.2677841,197.3436922,1158.588816
13.7350,-124.5058923,197.3529312,1158.663468
13.7400,-124.7415012,197.3593498,1158.737901
13.7450,-124.9737822,197.3630799,1158.811893
13.7500,-125.2022745,197.3647096,1158.885311
13.7550,-125.4259345,197.3643687,1158.95784
13.7600,-125.6447597,197.3622372,1159.029469
13.7650,-125.8578942,197.3577743,1159.099948
13.7700,-126.0660073,197.3513496,1159.169287
13.7750,-126.2689587,197.3454304,1159.237182
13.7800,-126.4659837,197.340429,1159.303416
13.7850,-126.6574279,197.3359136,1159.368018
13.7900,-126.8440244,197.3334754,1159.430992
13.7950,-127.0249822,197.3318822,1159.492221
13.8000,-127.2017254,197.3308201,1159.552123
13.8050,-127.3726069,197.3290892,1159.610576
13.8100,-127.5389474,197.3269431,1159.667693
13.8150,-127.7001808,197.3229172,1159.723605
13.8200,-127.8565484,197.3162611,1159.778452
13.8250,-128.0062707,197.3070305,1159.831881
13.8300,-128.1514089,197.2938594,1159.884314
13.8350,-128.2916656,197.2772551,1159.935759
13.8400,-128.4276251,197.2555729,1159.986291
13.8450,-128.560723,197.2297601,1160.036237
13.8500,-128.6908957,197.2002339,1160.085331
13.8550,-128.8198387,197.1671734,1160.13393
13.8600,-128.9479436,197.1303831,1160.182028
13.8650,-129.0752023,197.0905696,1160.229547
13.8700,-129.2026684,197.0479409,1160.276445
13.8750,-129.3321995,197.0029801,1160.323036
13.8800,-129.4642099,196.9561903,1160.369322
13.8850,-129.599165,196.9090973,1160.415197
13.8900,-129.7384734,196.8621877,1160.460839
13.8950,-129.8817702,196.8177921,1160.506103
13.9000,-130.0302974,196.7770851,1160.551145
13.9050,-130.1841603,196.7409657,1160.59594
13.9100,-130.3436043,196.710086,1160.640458
13.9150,-130.5073658,196.6858677,1160.684263
13.9200,-130.6762257,196.6681049,1160.727494
13.9250,-130.8500527,196.6572686,1160.770099
13.9300,-131.0284418,196.6521966,1160.811955
13.9350,-131.2116884,196.6542629,1160.853116
13.9400,-131.4001303,196.6631174,1160.893632
13.9450,-131.5931765,196.6790625,1160.933546
13.9500,-131.7899958,196.7018135,1160.972806
13.9550,-131.9908124,196.7306646,1161.011582
13.9600,-132.1951049,196.7650296,1161.049841
13.9650,-132.4018536,196.8042636,1161.087541
13.9700,-132.6114692,196.8479408,1161.12478
13.9750,-132.8256673,196.8955699,1161.16205
13.9800,-133.0451817,196.94684,1161.199476
13.9850,-133.2698774,197.0026436,1161.236916
13.9900,-133.5001608,197.0636722,1161.27459
13.9950,-133.7368533,197.1289895,1161.312894
14.0000,-133.9791899,197.1988762,1161.351586
14.0050,-134.2282266,197.2733231,1161.390832
14.0100,-134.4837775,197.3512669,1161.430699
14.0150,-134.7458754,197.4338886,1161.47119
14.0200,-135.0141615,197.5207668,1161.512241
14.0250,-135.2884771,197.6122105,1161.553961
14.0300,-135.5684368,197.7098288,1161.596124
14.0350,-135.8545259,197.8123252,1161.638947
14.0400,-136.1462886,197.9207182,1161.682372
14.0450,-136.443143,198.034376,1161.726411
14.0500,-136.7455603,198.153286,1161.771285
14.0550,-137.0521862,198.2768909,1161.816731
14.0600,-137.3617173,198.4030914,1161.862671
14.0650,-137.6742612,198.5326156,1161.909043
14.0700,-137.989288,198.6639616,1161.955876
14.0750,-138.3049909,198.7965456,1162.002919
14.0800,-138.6215948,198.9284704,1162.050396
14.0850,-138.9394586,199.0593675,1162.098533
14.0900,-139.2571575,199.1884594,1162.14691
14.0950,-139.5748961,199.3145029,1162.195826
14.1000,-139.8925234,199.4386666,1162.24514
14.1050,-140.2104158,199.5607016,1162.294674
14.1100,-140.5275702,199.6808176,1162.344262
14.1150,-140.8447715,199.8003756,1162.393841
14.1200,-141.1612056,199.9188099,1162.443133
14.1250,-141.4789999,200.0370892,1162.492648
14.1300,-141.7981291,200.1553476,1162.54249
14.1350,-142.1185452,200.2741006,1162.592496
14.1400,-142.4401591,200.3925456,1162.642877
14.1450,-142.7637644,200.5087949,1162.693905
14.1500,-143.0896151,200.6230515,1162.745674
14.1550,-143.4161481,200.7354264,1162.797753
14.1600,-143.7441829,200.8464257,1162.850433
14.1650,-144.0732843,200.9554241,1162.90354
14.1700,-144.402987,201.0629783,1162.9569
14.1750,-144.7318243,201.1686026,1163.010093
14.1800,-145.0597247,201.2727184,1163.063032
14.1850,-145.3867686,201.3739814,1163.115672
14.1900,-145.7122793,201.4723913,1163.167809
14.1950,-146.0366336,201.5669278,1163.219446
14.2000,-146.3584559,201.6569686,1163.270234
14.2050,-146.6783612,201.7420296,1163.320386
14.2100,-146.9961158,201.8219711,1163.369866
14.2150,-147.3119589,201.8966839,1163.418805
14.2200,-147.625684,201.9666275,1163.467188
14.2250,-147.9365162,202.0316417,1163.514795
14.2300,-148.2451745,202.092295,1163.561948
14.2350,-148.5508238,202.1489072,1163.608163
14.2400,-148.8543991,202.2020831,1163.653595
14.2450,-149.156173,202.2522697,1163.698216
14.2500,-149.455419,202.3001842,1163.741706
14.2550,-149.7534216,202.3462074,1163.784232
14.2600,-150.0507011,202.3908434,1163.825917
14.2650,-150.348692,202.4343249,1163.867161
14.2700,-150.6491336,202.4785721,1163.908396
14.2750,-150.9515524,202.5245948,1163.949325
14.2800,-151.2558891,202.5724036,1163.990059
14.2850,-151.5624521,202.6222744,1164.030812
14.2900,-151.8711664,202.6735184,1164.071582
14.2950,-152.1818387,202.7260233,1164.112275
14.3000,-152.4956476,202.7798785,1164.153209
14.3050,-152.8122493,202.8348866,1164.194281
14.3100,-153.1318273,202.8928221,1164.235385
14.3150,-153.4548739,202.9543311,1164.276693
14.3200,-153.7816055,203.0193007,1164.318277
14.3250,-154.1132215,203.0884572,1164.360397
14.3300,-154.4483956,203.1613959,1164.402652
14.3350,-154.7885203,203.2392065,1164.445368
14.3400,-155.1326647,203.3218964,1164.488401
14.3450,-155.4816879,203.4089221,1164.53197
14.3500,-155.8349558,203.5003393,1164.575923
14.3550,-156.1937998,203.596323,1164.620822
14.3600,-156.5586397,203.6975252,1164.666885
14.3650,-156.9291216,203.8029714,1164.714214
14.3700,-157.3056882,203.9120003,1164.762982
14.3750,-157.6894691,204.0231487,1164.813596
14.3800,-158.0792294,204.1367124,1164.865739
14.3850,-158.474783,204.2512365,1164.919349
14.3900,-158.8771689,204.3673051,1164.97493
14.3950,-159.2869926,204.4839176,1165.032688
14.4000,-159.7021548,204.5998345,1165.092125
14.4050,-160.1232598,204.7155184,1165.153806
14.4100,-160.5494662,204.829914,1165.217552
14.4150,-160.9805677,204.9420224,1165.283611
14.4200,-161.416004,205.0519724,1165.352016
14.4250,-161.8555335,205.1582408,1165.422713
14.4300,-162.2976237,205.2609481,1165.495356
14.4350,-162.7426248,205.3582222,1165.570159
14.4400,-163.1899494,205.4524489,1165.646875
14.4450,-163.6389272,205.5437519,1165.725116
14.4500,-164.0900151,205.6325612,1165.805037
14.4550,-164.5425277,205.7187706,1165.886289
14.4600,-164.9964865,205.801611,1165.968866
14.4650,-165.4524772,205.8809047,1166.053035
14.4700,-165.9110129,205.9563481,1166.139057
14.4750,-166.3735097,206.0288686,1166.227443
14.4800,-166.8407608,206.0976008,1166.318589
14.4850,-167.3124005,206.1628959,1166.412542
14.4900,-167.7891307,206.2254812,1166.509798
14.4950,-168.2698401,206.2840809,1166.610146
14.5000,-168.7559076,206.3389818,1166.714135
14.5050,-169.2456314,206.3891949,1166.821156
14.5100,-169.7396042,206.4338727,1166.931444
14.5150,-170.2368595,206.4725926,1167.044622
14.5200,-170.7357531,206.5042308,1167.160143
14.5250,-171.2364359,206.5286779,1167.278123
14.5300,-171.7382653,206.5460808,1167.398068
14.5350,-172.240699,206.5555289,1167.519902
14.5400,-172.7430468,206.5571513,1167.643371
14.5450,-173.2452704,206.55205,1167.768472
14.5500,-173.7471364,206.5403067,1167.895089
14.5550,-174.2465769,206.5229054,1168.022527
14.5600,-174.7429419,206.5000448,1168.150355
14.5650,-175.2356199,206.4733623,1168.278087
14.5700,-175.7233696,206.4426274,1168.405131
14.5750,-176.206793,206.4088507,1168.531728
14.5800,-176.6858125,206.3719357,1168.657596
14.5850,-177.1606211,206.3324436,1168.782526
14.5900,-177.6324866,206.2907369,1168.906736
14.5950,-178.1022292,206.247879,1169.030551
14.6000,-178.5691586,206.2048634,1169.153494
14.6050,-179.034782,206.1628649,1169.276279
14.6100,-179.4982402,206.1215578,1169.398752
14.6150,-179.9589447,206.0808645,1169.520478
14.6200,-180.4174242,206.0409327,1169.641733
14.6250,-180.8722638,206.0014947,1169.762024
14.6300,-181.3244709,205.9610073,1169.881698
14.6350,-181.7726756,205.9191157,1170.00034
14.6400,-182.2175395,205.8743875,1170.118096
14.6450,-182.6585281,205.8266833,1170.234666
14.6500,-183.0950104,205.7755019,1170.349764
14.6550,-183.5268771,205.7188,1170.463297
14.6600,-183.9529341,205.6572576,1170.574616
14.6650,-184.3739501,205.5905751,1170.683992
14.6700,-184.7886701,205.5188199,1170.791088
14.6750,-185.1964424,205.4433122,1170.89553
14.6800,-185.5981539,205.3640161,1170.997832
14.6850,-185.9930553,205.2815731,1171.097736
14.6900,-186.3807461,205.1948017,1171.194996
14.6950,-186.7613268,205.1033955,1171.289881
14.7000,-187.1361591,205.0080222,1171.382918
14.7050,-187.5054141,204.9070771,1171.47418
14.7100,-187.8699722,204.8016172,1171.564147
14.7150,-188.2292532,204.6916467,1171.652416
14.7200,-188.5843368,204.5773018,1171.739507
14.7250,-188.9351392,204.4585896,1171.825386
14.7300,-189.2823799,204.3362494,1171.910046
14.7350,-189.6263603,204.2130755,1171.993566
14.7400,-189.9679589,204.0874434,1172.076243
14.7450,-190.3068628,203.9611184,1172.157861
14.7500,-190.6427396,203.8349816,1172.238209
14.7550,-190.9770042,203.7092347,1172.317993
14.7600,-191.3097395,203.5849015,1172.39708
14.7650,-191.6410956,203.4634318,1172.475346
14.7700,-191.9707398,203.3464356,1172.552616
14.7750,-192.2982573,203.2331311,1172.628601
14.7800,-192.6237099,203.1246202,1172.703192
14.7850,-192.9477946,203.0220999,1172.776468
14.7900,-193.269914,202.9248449,1172.848101
14.7950,-193.5918483,202.8345951,1172.918905
14.8000,-193.9132115,202.7509264,1172.988839
14.8050,-194.2347442,202.6749402,1173.05811
14.8100,-194.5554959,202.607595,1173.126464
14.8150,-194.8761031,202.5484751,1173.194259
14.8200,-195.1971384,202.4985192,1173.261775
14.8250,-195.5190516,202.4572219,1173.329401
14.8300,-195.8414182,202.4247018,1173.397145
14.8350,-196.1648988,202.4004371,1173.465375
14.8400,-196.4887701,202.3845303,1173.533943
14.8450,-196.812859,202.3747977,1173.602882
14.8500,-197.138039,202.3710574,1173.672725
14.8550,-197.4650829,202.3723421,1173.744071
14.8600,-197.793457,202.3798113,1173.816872
14.8650,-198.1240565,202.3922802,1173.89183
14.8700,-198.4565953,202.4084088,1173.968964
14.8750,-198.7906579,202.4273028,1174.04794
14.8800,-199.1260997,202.4492173,1174.128943
14.8850,-199.4624391,202.4733127,1174.211665
14.8900,-199.7998126,202.4996692,1174.296328
14.8950,-200.1378757,202.5283027,1174.382619
14.9000,-200.4765502,202.5601074,1174.470586
14.9050,-200.8158109,202.5943349,1174.560142
14.9100,-201.1547198,202.6315605,1174.650587
14.9150,-201.4939225,202.6706189,1174.742302
14.9200,-201.8326374,202.7118532,1174.834783
14.9250,-202.1715689,202.7548543,1174.928358
14.9300,-202.5110646,202.8003089,1175.023387
14.9350,-202.850648,202.8490811,1175.119652
14.9400,-203.18961,202.9004789,1175.216813
14.9450,-203.5279028,202.9539312,1175.314905
14.9500,-203.8647154,203.0092788,1175.413336
14.9550,-204.1994189,203.0651208,1175.511921
14.9600,-204.5318615,203.1203842,1175.610438
14.9650,-204.8616509,203.1740256,1175.708819
14.9700,-205.18864,203.225941,1175.806819
14.9750,-205.5143344,203.2743194,1175.905333
14.9800,-205.8376403,203.3178317,1176.00374
14.9850,-206.1585352,203.3549868,1176.102089
14.9900,-206.4778813,203.3853187,1176.200966
14.9950,-206.7948382,203.4088707,1176.299808
15.0000,-207.109899,203.4249709,1176.398857
15.0050,-207.4237186,203.4337186,1176.498396
15.0100,-207.73647,203.4339234,1176.598331
15.0150,-208.0491414,203.4264615,1176.699328
15.0200,-208.3622687,203.410369,1176.801513
15.0250,-208.6766102,203.3871944,1176.905258
15.0300,-208.9922305,203.3551657,1177.010593
15.0350,-209.3094672,203.3141143,1177.117746
15.0400,-209.6277111,203.2650952,1177.22626
15.0450,-209.9473302,203.2096217,1177.33633
15.0500,-210.2684329,203.1469483,1177.448014
15.0550,-210.5907568,203.0775088,1177.561092
15.0600,-210.914234,203.0018271,1177.675559
15.0650,-211.2388344,202.9192198,1177.791596
15.0700,-211.5651456,202.8289372,1177.90927
15.0750,-211.8928154,202.7323519,1178.02841
15.0800,-212.2219393,202.6302417,1178.149034
15.0850,-212.5515323,202.5216819,1178.270641
15.0900,-212.8828609,202.4069516,1178.393859
15.0950,-213.2150935,202.286835,1178.518163
15.1000,-213.5481984,202.1624652,1178.643392
15.1050,-213.8827273,202.0343691,1178.769988
15.1100,-214.2179978,201.9039125,1178.897438
15.1150,-214.5547544,201.7713766,1179.026222
15.1200,-214.8929223,201.637626,1179.156367
15.1250,-215.2320279,201.5028716,1179.287626
15.1300,-215.5719621,201.3679711,1179.420022
15.1350,-215.9132293,201.2334692,1179.554028
15.1400,-216.2555455,201.0999127,1179.689384
15.1450,-216.5989006,200.9682299,1179.826266
15.1500,-216.9427526,200.8395532,1179.96424
15.1550,-217.286333,200.7149156,1180.102834
15.1600,-217.6304229,200.5934849,1180.242424
15.1650,-217.9739186,200.4762324,1180.38223
15.1700,-218.3171793,200.3646266,1180.522475
15.1750,-218.6594348,200.2596455,1180.662687
15.1800,-219.0005683,200.1613502,1180.802709
15.1850,-219.3401313,200.0715031,1180.942426
15.1900,-219.6775383,199.9910816,1181.081552
15.1950,-220.0117959,199.9192652,1181.219493
15.2000,-220.3430703,199.8554648,1181.356546
15.2050,-220.6701295,199.8000797,1181.492046
15.2100,-220.9939886,199.7518723,1181.626999
15.2150,-221.3136752,199.7108427,1181.760784
15.2200,-221.6289673,199.677342,1181.893494
15.2250,-221.9390677,199.6513796,1182.024803
15.2300,-222.2429402,199.6325301,1182.154079
15.2350,-222.5402768,199.6199292,1182.281163
15.2400,-222.8303042,199.6132365,1182.405694
15.2450,-223.1118577,199.6113651,1182.527012
15.2500,-223.3847184,199.6145679,1182.645219
15.2550,-223.6482465,199.6240026,1182.759817
15.2600,-223.9023682,199.6385578,1182.870955
15.2650,-224.146533,199.6575707,1182.97845
15.2700,-224.380168,199.6808801,1183.081918
15.2750,-224.6013941,199.707614,1183.180334
15.2800,-224.8109668,199.7381948,1183.274137
15.2850,-225.0080646,199.7726345,1183.362685
15.2900,-225.192775,199.8094464,1183.446095
15.2950,-225.3647752,199.848698,1183.52406
15.3000,-225.5235953,199.8896027,1183.596418
15.3050,-225.6684434,199.9312094,1183.662628
15.3100,-225.79894,199.9732806,1183.722357
15.3150,-225.9154787,200.0141383,1183.775728
15.3200,-226.01723,200.0543455,1183.822203
15.3250,-226.1044938,200.0924677,1183.862
15.3300,-226.1772282,200.1298645,1183.894997
15.3350,-226.2356059,200.1650747,1183.921323
15.3400,-226.2803067,200.197322,1183.941405
15.3450,-226.3117577,200.226429,1183.955627
15.3500,-226.3297233,200.2521541,1183.963785
15.3550,-226.3352499,200.2734728,1183.966574
15.3600,-226.3279828,200.2908836,1183.96364
15.3650,-226.3084462,200.3046814,1183.955122
15.3700,-226.2758941,200.3149969,1183.940772
15.3750,-226.2313718,200.321637,1183.921237
15.3800,-226.1747174,200.3244355,1183.896343
15.3850,-226.1066993,200.323899,1183.866623
15.3900,-226.0270244,200.3195024,1183.831673
15.3950,-225.9367132,200.3104747,1183.792199
15.4000,-225.8358108,200.2969887,1183.748224
15.4050,-225.7249624,200.2803013,1183.700065
15.4100,-225.6059928,200.2587098,1183.648788
15.4150,-225.4785396,200.2331685,1183.593954
15.4200,-225.3434161,200.2041069,1183.535988
15.4250,-225.2019063,200.171789,1183.47559
15.4300,-225.054048,200.135436,1183.412588
15.4350,-224.9001999,200.0963259,1183.347005
15.4400,-224.7416252,200.053902,1183.279564
15.4450,-224.5781739,200.0078883,1183.209908
15.4500,-224.4109516,199.9577737,1183.138671
15.4550,-224.2409441,199.9035615,1183.066355
15.4600,-224.0683466,199.8459202,1182.993071
15.4650,-223.893547,199.7847108,1182.919066
15.4700,-223.7173544,199.7190726,1182.844782
15.4750,-223.5390869,199.6497936,1182.769871
15.4800,-223.3594963,199.5776173,1182.694801
15.4850,-223.1792147,199.5021036,1182.619876
15.4900,-222.99806,199.4244846,1182.544972
15.4950,-222.816028,199.3448883,1182.470058
15.5000,-222.6330206,199.2646226,1182.394935
15.5050,-222.449291,199.1835469,1182.319681
15.5100,-222.2643319,199.1026871,1182.243808
15.5150,-222.0789729,199.0229829,1182.167966
15.5200,-221.8924705,198.9435206,1182.091642
15.5250,-221.7048917,198.8653037,1182.014788
15.5300,-221.5163713,198.7886027,1181.937579
15.5350,-221.3271329,198.7116449,1181.860145
15.5400,-221.1377419,198.6364759,1181.78292
15.5450,-220.9484319,198.5633221,1181.706113
15.5500,-220.760012,198.4915503,1181.630326
15.5550,-220.5721478,198.4217148,1181.555342
15.5600,-220.3848617,198.3543272,1181.48128
15.5650,-220.1986845,198.2897118,1181.408398
15.5700,-220.0133525,198.2275475,1181.336749
15.5750,-219.8298278,198.167598,1181.266889
15.5800,-219.648109,198.1086608,1181.198961
15.5850,-219.4692345,198.0504212,1181.133779
15.5900,-219.2920604,197.9932229,1181.070739
15.5950,-219.116697,197.9370717,1181.010072
15.6000,-218.9437205,197.8815203,1180.952288
15.6050,-218.7728683,197.8262718,1180.89735
15.6100,-218.6043862,197.7712874,1180.84567
15.6150,-218.4379943,197.716474,1180.79713
15.6200,-218.2736396,197.6619307,1180.751869
15.6250,-218.1108038,197.6074249,1180.709603
15.6300,-217.9498293,197.5524958,1180.670657
15.6350,-217.7907166,197.4974768,1180.635114
15.6400,-217.6327925,197.4423159,1180.602631
15.6450,-217.4756879,197.3858096,1180.572962
15.6500,-217.3201344,197.327947,1180.546683
15.6550,-217.1658289,197.2696786,1180.52352
15.6600,-217.0127124,197.2106619,1180.503588
15.6650,-216.8604255,197.1508902,1180.486521
15.6700,-216.7099128,197.0895303,1180.472987
15.6750,-216.5601988,197.0272191,1180.462219
15.6800,-216.4124741,196.9636132,1180.455047
15.6850,-216.2659334,196.8978424,1180.450842
15.6900,-216.1205858,196.8302693,1180.449533
15.6950,-215.9765942,196.7622179,1180.451139
15.7000,-215.8341365,196.6922307,1180.455563
15.7050,-215.6930179,196.6204903,1180.462698
15.7100,-215.5526561,196.5485189,1180.472086
15.7150,-215.4140405,196.4756956,1180.48452
15.7200,-215.2764538,196.4017101,1180.499416
15.7250,-215.1397994,196.3272035,1180.516585
15.7300,-215.0043697,196.2530984,1180.536163
15.7350,-214.8698567,196.1774754,1180.558004
15.7400,-214.735191,196.1008205,1180.581403
15.7450,-214.6008863,196.0236617,1180.606567
15.7500,-214.4660904,195.9449229,1180.632951
15.7550,-214.3308405,195.8647634,1180.660461
15.7600,-214.194077,195.7838136,1180.68844
15.7650,-214.0564118,195.7023818,1180.71711
15.7700,-213.9169567,195.6210402,1180.745862
15.7750,-213.7765462,195.5381456,1180.775238
15.7800,-213.6349927,195.4537999,1180.805045
15.7850,-213.4922373,195.3689763,1180.835204
15.7900,-213.3477694,195.282542,1180.865208
15.7950,-213.202721,195.1951062,1180.895909
15.8000,-213.0567616,195.1063633,1180.927002
15.8050,-212.9099914,195.0156285,1180.958512
15.8100,-212.7625355,194.923736,1180.990451
15.8150,-212.613238,194.8305093,1181.021981
15.8200,-212.4629163,194.7375565,1181.053452
15.8250,-212.3115279,194.6437788,1181.084797
15.8300,-212.1591488,194.5499019,1181.115928
15.8350,-212.0050004,194.4569789,1181.146398
15.8400,-211.8493982,194.3648391,1181.176179
15.8450,-211.6927853,194.2741554,1181.205499
15.8500,-211.534438,194.185141,1181.23378
15.8550,-211.3749514,194.0970859,1181.261446
15.8600,-211.2141525,194.0107907,1181.288341
15.8650,-211.0518193,193.9253134,1181.314299
15.8700,-210.8882258,193.8413882,1181.339423
15.8750,-210.7229818,193.7588746,1181.363542
15.8800,-210.5560586,193.6790465,1181.386479
15.8850,-210.3872937,193.6009091,1181.408276
15.8900,-210.2164312,193.5253769,1181.428676
15.8950,-210.0447252,193.4519925,1181.448451
15.9000,-209.8711058,193.3810424,1181.46697
15.9050,-209.6964539,193.3121902,1181.484819
15.9100,-209.5209321,193.2452067,1181.502041
15.9150,-209.3447056,193.181017,1181.518866
15.9200,-209.1681161,193.1181492,1181.535384
15.9250,-208.9915535,193.0574899,1181.551905
15.9300,-208.8148105,192.9984365,1181.568279
15.9350,-208.6376384,192.9403221,1181.584483
15.9400,-208.4612771,192.8841829,1181.601123
15.9450,-208.285,192.8285466,1181.617773
15.9500,-208.1084014,192.7742276,1181.634181
15.9550,-207.931424,192.7205988,1181.65025
15.9600,-207.7534477,192.6667245,1181.665672
15.9650,-207.5756109,192.6130034,1181.681188
15.9700,-207.3966083,192.5596282,1181.696038
15.9750,-207.2169636,192.5062229,1181.710495
15.9800,-207.036347,192.4529813,1181.72447
15.9850,-206.8554311,192.4007991,1181.738273
15.9900,-206.67439,192.3502528,1181.752213
15.9950,-206.4929604,192.3006966,1181.765967
16.0000,-206.311132,192.2530108,1181.779595
16.0050,-206.1283572,192.2061809,1181.792895
16.0100,-205.9452082,192.1598126,1181.806154
16.0150,-205.7613468,192.114755,1181.81903
16.0200,-205.5762074,192.0703574,1181.831484
16.0250,-205.3905203,192.0257216,1181.843874
16.0300,-205.2039068,191.9802318,1181.856074
16.0350,-205.0167828,191.9344353,1181.868353
16.0400,-204.8284664,191.8877712,1181.880393
16.0450,-204.6391731,191.8397007,1181.892457
16.0500,-204.4487713,191.7907253,1181.904701
16.0550,-204.2570308,191.740055,1181.917088
16.0600,-204.0646528,191.6862629,1181.930112
16.0650,-203.8711693,191.6282524,1181.943699
16.0700,-203.6763132,191.5662547,1181.957683
16.0750,-203.4811415,191.5005401,1181.972705
16.0800,-203.2848187,191.4311511,1181.988222
16.0850,-203.0875505,191.3572631,1182.004373
16.0900,-202.8903642,191.2791779,1182.021829
16.0950,-202.6926944,191.1975945,1182.039979
16.1000,-202.4939594,191.1124996,1182.058597
16.1050,-202.294091,191.0249551,1182.077542
16.1100,-202.0935243,190.9344101,1182.097158
16.1150,-201.8922081,190.839778,1182.117499
16.1200,-201.6913187,190.7406355,1182.139356
16.1250,-201.4913238,190.6370562,1182.163097
16.1300,-201.2928217,190.5284165,1182.189169
16.1350,-201.095921,190.4144951,1182.217543
16.1400,-200.9008124,190.2956128,1182.248571
16.1450,-200.7065103,190.171341,1182.281779
16.1500,-200.514478,190.0407877,1182.317974
16.1550,-200.3244206,189.9046695,1182.356917
16.1600,-200.1374642,189.7620912,1182.399058
16.1650,-199.953772,189.6145879,1182.444275
16.1700,-199.7739176,189.4600409,1182.49277
16.1750,-199.599089,189.2989653,1182.54499
16.1800,-199.4289107,189.1308723,1182.600707
16.1850,-199.2638598,188.9575551,1182.66003
16.1900,-199.1049087,188.7785613,1182.723352
16.1950,-198.9514066,188.5942529,1182.7903
16.2000,-198.8040908,188.4055187,1182.861121
16.2050,-198.6620461,188.2135727,1182.935157
16.2100,-198.5251724,188.0181815,1183.012238
16.2150,-198.3936348,187.8198871,1183.092251
16.2200,-198.2673333,187.6191981,1183.17502
16.2250,-198.1459221,187.4164299,1183.260242
16.2300,-198.0291455,187.2118833,1183.34775
16.2350,-197.9162511,187.0066185,1183.436678
16.2400,-197.8072431,186.801308,1183.526863
16.2450,-197.7026022,186.5969689,1183.618226
16.2500,-197.6021206,186.3942129,1183.710335
16.2550,-197.5055488,186.1936089,1183.803156
16.2600,-197.414006,185.9949771,1183.89704
16.2650,-197.3256184,185.7982688,1183.991032
16.2700,-197.2416634,185.6042194,1184.085564
16.2750,-197.161312,185.4118007,1184.180443
16.2800,-197.0848795,185.2207963,1184.275715
16.2850,-197.0121902,185.0306194,1184.371384
16.2900,-196.9427117,184.8412861,1184.467153
16.2950,-196.876195,184.6515027,1184.563035
16.3000,-196.8125671,184.4623786,1184.658793
16.3050,-196.7518367,184.2734373,1184.754392
16.3100,-196.6938155,184.0840604,1184.849879
16.3150,-196.6387942,183.8946858,1184.945267
16.3200,-196.5871522,183.7049428,1185.040619
16.3250,-196.5375518,183.5152902,1185.135383
16.3300,-196.4898861,183.3254076,1185.229531
16.3350,-196.4437379,183.1350128,1185.322964
16.3400,-196.4004064,182.9448905,1185.416358
16.3450,-196.3597909,182.7531663,1185.509927
16.3500,-196.3208377,182.5623913,1185.602682
16.3550,-196.2836173,182.3717363,1185.694952
16.3600,-196.2465061,182.1822927,1185.785605
16.3650,-196.2095716,181.9943209,1185.874605
16.3700,-196.172899,181.8074521,1185.961916
16.3750,-196.1357833,181.6225958,1186.046969
16.3800,-196.0986629,181.4399742,1186.129942
16.3850,-196.061554,181.2603161,1186.210728
16.3900,-196.0237938,181.0823315,1186.289134
16.3950,-195.9841779,180.9063411,1186.364708
16.4000,-195.9429537,180.7305584,1186.437841
16.4050,-195.8988083,180.5537275,1186.508211
16.4100,-195.8513747,180.375748,1186.575685
16.4150,-195.8017179,180.19767,1186.640764
16.4200,-195.7485066,180.0187018,1186.702852
16.4250,-195.6905821,179.8393123,1186.761361
16.4300,-195.6271299,179.6589394,1186.815811
16.4350,-195.5593381,179.4769643,1186.866935
16.4400,-195.4864468,179.2923493,1186.914259
16.4450,-195.4100381,179.1056064,1186.958444
16.4500,-195.3292637,178.9174118,1186.998908
16.4550,-195.2434451,178.7269524,1187.035399
16.4600,-195.1530088,178.5351177,1187.068069
16.4650,-195.0577572,178.3420316,1187.096789
16.4700,-194.9578722,178.148083,1187.121742
16.4750,-194.852592,177.9543318,1187.142403
16.4800,-194.7429023,177.7614805,1187.159301
16.4850,-194.6281892,177.568939,1187.172188
16.4900,-194.5085547,177.3770634,1187.18113
16.4950,-194.3838564,177.1862093,1187.185951
16.5000,-194.2547034,176.9974009,1187.186802
16.5050,-194.1216385,176.8109732,1187.1839
16.5100,-193.9848749,176.6284651,1187.177186
16.5150,-193.8441311,176.4488414,1187.166723
16.5200,-193.6993595,176.2732434,1187.152404
16.5250,-193.5498518,176.1016593,1187.134029
16.5300,-193.3961445,175.9341464,1187.111868
16.5350,-193.2382081,175.7702687,1187.086256
16.5400,-193.074376,175.6082155,1187.056756
16.5450,-192.9041572,175.4472642,1187.023473
16.5500,-192.7278045,175.2854401,1186.987025
16.5550,-192.5451442,175.1224856,1186.947427
16.5600,-192.3556556,174.9576798,1186.904703
16.5650,-192.1596314,174.7892869,1186.85929
16.5700,-191.9561424,174.6164734,1186.810885
16.5750,-191.7468161,174.4397555,1186.760248
16.5800,-191.5300368,174.2589326,1186.706552
16.5850,-191.3057738,174.0737128,1186.649843
16.5900,-191.0751474,173.8842391,1186.590578
16.5950,-190.8381375,173.6916277,1186.528658
16.6000,-190.5954471,173.4961107,1186.464323
16.6050,-190.3474944,173.2984697,1186.397639
16.6100,-190.0938164,173.099371,1186.328237
16.6150,-189.8343524,172.8994617,1186.255998
16.6200,-189.5701109,172.6995909,1186.181362
16.6250,-189.3007514,172.500715,1186.103901
16.6300,-189.0271471,172.3037379,1186.023962
16.6350,-188.748997,172.1100492,1185.94098
16.6400,-188.466178,171.9190915,1185.854975
16.6450,-188.1780484,171.7345134,1185.764913
16.6500,-187.8867263,171.5542535,1185.67218
16.6550,-187.5918876,171.3810321,1185.575938
16.6600,-187.2948755,171.2141784,1185.476999
16.6650,-186.9960585,171.0550411,1185.375304
16.6700,-186.6949113,170.90419,1185.270613
16.6750,-186.3913079,170.7615633,1185.162829
16.6800,-186.0846651,170.6270674,1185.0518
16.6850,-185.7753639,170.5001778,1184.937774
16.6900,-185.4627079,170.3810105,1184.820475
16.6950,-185.1484581,170.2692465,1184.700667
16.7000,-184.833297,170.1662698,1184.578384
16.7050,-184.5190235,170.0732555,1184.454063
16.7100,-184.2049489,169.989962,1184.327347
16.7150,-183.8910951,169.9162369,1184.198275
16.7200,-183.5781495,169.8521962,1184.067182
16.7250,-183.265914,169.7974293,1183.933969
16.7300,-182.9569101,169.7534303,1183.799472
16.7350,-182.6505113,169.7203425,1183.663379
16.7400,-182.3471665,169.6991463,1183.525712
16.7450,-182.0467218,169.6892484,1183.386505
16.7500,-181.750053,169.6918096,1183.245914
16.7550,-181.4580898,169.7067109,1183.10436
16.7600,-181.1719715,169.7337455,1182.962378
16.7650,-180.8912713,169.7728337,1182.819697
16.7700,-180.6177916,169.8247291,1182.676885
16.7750,-180.3513321,169.8887014,1182.534044
16.7800,-180.0920035,169.96476,1182.391187
16.7850,-179.8403496,170.0527085,1182.248565
16.7900,-179.5964896,170.1516109,1182.106428
16.7950,-179.361326,170.2612032,1181.965222
16.8000,-179.1335879,170.3804409,1181.824654
16.8050,-178.9134767,170.5074751,1181.685184
16.8100,-178.7010679,170.6409534,1181.547121
16.8150,-178.495875,170.7807635,1181.410317
16.8200,-178.2973134,170.9248849,1181.274925
16.8250,-178.1056018,171.0716398,1181.141303
16.8300,-177.9207919,171.2203035,1181.009712
16.8350,-177.7426647,171.3694022,1180.880265
16.8400,-177.5715647,171.5181529,1180.753212
16.8450,-177.4082965,171.6648573,1180.629217
16.8500,-177.2518093,171.8096687,1180.507758
16.8550,-177.1017868,171.9513819,1180.388889
16.8600,-176.9577476,172.091342,1180.272119
16.8650,-176.8192666,172.2292147,1180.157297
16.8700,-176.6874079,172.3650454,1180.044676
16.8750,-176.5612099,172.4987795,1179.933731
16.8800,-176.4411568,172.6310143,1179.824499
16.8850,-176.3275668,172.7622227,1179.717008
16.8900,-176.2193191,172.8929164,1179.610673
16.8950,-176.1170832,173.0230583,1179.505718
16.9000,-176.0198984,173.1530274,1179.401781
16.9050,-175.9271677,173.2827681,1179.298699
16.9100,-175.8385745,173.411912,1179.196343
16.9150,-175.7537962,173.5411343,1179.094594
16.9200,-175.67198,173.6710113,1178.992995
16.9250,-175.5933587,173.8016069,1178.891668
16.9300,-175.5164573,173.9328086,1178.790095
16.9350,-175.4410159,174.0648429,1178.688209
16.9400,-175.3659415,174.1983971,1178.585433
16.9450,-175.2910314,174.3342138,1178.481703
16.9500,-175.2145287,174.4722021,1178.376331
16.9550,-175.1362155,174.6120465,1178.269342
16.9600,-175.0555288,174.7546264,1178.160388
16.9650,-174.9709254,174.8995342,1178.048945
16.9700,-174.8824554,175.0467567,1177.935089
16.9750,-174.7901883,175.1966562,1177.818815
16.9800,-174.6947561,175.3485409,1177.700379
16.9850,-174.594229,175.502131,1177.579041
16.9900,-174.4878442,175.658015,1177.454401
16.9950,-174.3758208,175.816036,1177.326649
17.0000,-174.2558009,175.9759448,1177.194858
17.0050,-174.1274247,176.1383919,1177.058888
17.0100,-173.9914145,176.3033432,1176.918929
17.0150,-173.8479023,176.471027,1176.77487
17.0200,-173.6969535,176.6436413,1176.62639
17.0250,-173.5393869,176.8206339,1176.473891
17.0300,-173.3735869,177.0022103,1176.316905
17.0350,-173.20077,177.1885887,1176.155955
17.0400,-173.0216352,177.3807732,1175.991186
17.0450,-172.8364775,177.5794745,1175.822689
17.0500,-172.6456556,177.7839016,1175.650792
17.0550,-172.4505845,177.994289,1175.476046
17.0600,-172.2487275,178.2103551,1175.297728
17.0650,-172.0416974,178.4315472,1175.116793
17.0700,-171.8292425,178.6567199,1174.933426
17.0750,-171.6115077,178.8855066,1174.747889
17.0800,-171.3886252,179.1151953,1174.560808
17.0850,-171.1617331,179.3457305,1174.372672
17.0900,-170.9303924,179.5761144,1174.183636
17.0950,-170.6946474,179.8066546,1173.993832
17.1000,-170.4556735,180.0366253,1173.803803
17.1050,-170.2140318,180.2670077,1173.613615
17.1100,-169.9707585,180.4956915,1173.423787
17.1150,-169.7272315,180.7231794,1173.234775
17.1200,-169.4845431,180.9479716,1173.047174
17.1250,-169.2435786,181.1698329,1172.861283
17.1300,-169.0045044,181.3877402,1172.677186
17.1350,-168.767157,181.6007458,1172.494914
17.1400,-168.5321188,181.8086635,1172.314769
17.1450,-168.2989968,182.0130221,1172.136271
17.1500,-168.0677794,182.2132157,1171.959411
17.1550,-167.8388337,182.4085233,1171.784218
17.1600,-167.6125314,182.5979643,1171.610846
17.1650,-167.3893992,182.7831247,1171.439085
17.1700,-167.1685019,182.9642225,1171.268607
17.1750,-166.9481804,183.1414849,1171.098851
17.1800,-166.7288836,183.3138734,1170.930094
17.1850,-166.51038,183.4815272,1170.762163
17.1900,-166.2919741,183.643751,1170.594898
17.1950,-166.0729126,183.8000833,1170.428184
17.2000,-165.8534766,183.9499716,1170.26226
17.2050,-165.6320526,184.0929542,1170.096776
17.2100,-165.4086709,184.2297244,1169.931805
17.2150,-165.1807542,184.3584933,1169.766856
17.2200,-164.9487103,184.479319,1169.602112
17.2250,-164.7110565,184.5911392,1169.437318
17.2300,-164.4681844,184.6946171,1169.272449
17.2350,-164.2200623,184.7895364,1169.107614
17.2400,-163.9664182,184.8767899,1168.94268
17.2450,-163.7078395,184.9542253,1168.777939
17.2500,-163.445539,185.0238098,1168.6135
17.2550,-163.1804512,185.0865689,1168.449447
17.2600,-162.9130734,185.1422322,1168.285844
17.2650,-162.6439251,185.1913903,1168.122709
17.2700,-162.3743367,185.2345365,1167.960271
17.2750,-162.103868,185.2717773,1167.798351
17.2800,-161.8316022,185.3048791,1167.636604
17.2850,-161.5590533,185.3337976,1167.475511
17.2900,-161.2865054,185.359554,1167.315094
17.2950,-161.0131345,185.3830163,1167.155001
17.3000,-160.7415623,185.4039778,1166.995956
17.3050,-160.4718077,185.4230626,1166.837848
17.3100,-160.204064,185.4414201,1166.680831
17.3150,-159.9375626,185.4585795,1166.524905
17.3200,-159.6716857,185.473911,1166.369968
17.3250,-159.4065021,185.4884032,1166.215973
17.3300,-159.1421037,185.5011006,1166.063002
17.3350,-158.8772615,185.5126055,1165.910779
17.3400,-158.6106137,185.5217812,1165.759097
17.3450,-158.3416161,185.5291185,1165.607732
17.3500,-158.0694573,185.5344117,1165.456448
17.3550,-157.793024,185.5388057,1165.304861
17.3600,-157.5129734,185.5426669,1165.153024
17.3650,-157.2282534,185.5467966,1165.000386
17.3700,-156.9385511,185.5524886,1164.846707
17.3750,-156.6438886,185.5602734,1164.691801
17.3800,-156.3443052,185.5726207,1164.535316
17.3850,-156.0383982,185.5889551,1164.376862
17.3900,-155.7277478,185.6113196,1164.216648
17.3950,-155.4112136,185.6386256,1164.054469
17.4000,-155.0894553,185.6705455,1163.890556
17.4050,-154.7618658,185.7065349,1163.725022
17.4100,-154.4286169,185.7464676,1163.558163
17.4150,-154.0895862,185.7894491,1163.390162
17.4200,-153.7449075,185.8357719,1163.22113
17.4250,-153.395052,185.8846408,1163.051444
17.4300,-153.040291,185.9350085,1162.881459
17.4350,-152.6825074,185.9879379,1162.711663
17.4400,-152.3229576,186.0425208,1162.54236
17.4450,-151.9619694,186.0984671,1162.373765
17.4500,-151.6015895,186.155818,1162.206359
17.4550,-151.2419173,186.2147041,1162.040139
17.4600,-150.8850688,186.2750835,1161.875669
17.4650,-150.5314916,186.3360484,1161.713146
17.4700,-150.1828626,186.3980973,1161.552896
17.4750,-149.8407066,186.4607213,1161.395335
17.4800,-149.5040692,186.524033,1161.240135
17.4850,-149.1730936,186.5872001,1161.087445
17.4900,-148.8489035,186.6501802,1160.937595
17.4950,-148.5306976,186.7120939,1160.79035
17.5000,-148.2194124,186.7735514,1160.6456
17.5050,-147.9159725,186.8350293,1160.503365
17.5100,-147.620807,186.8962936,1160.363675
17.5150,-147.3357648,186.9570505,1160.226863
17.5200,-147.0612461,187.017471,1160.092913
17.5250,-146.7989676,187.0786043,1159.962048
17.5300,-146.5498254,187.1396329,1159.834491
17.5350,-146.3145768,187.2017237,1159.710184
17.5400,-146.0947888,187.2641593,1159.589497
17.5450,-145.8912421,187.3269313,1159.472675
17.5500,-145.7058255,187.3895933,1159.36011
17.5550,-145.5387023,187.4507384,1159.252065
17.5600,-145.3910411,187.5113158,1159.148721
17.5650,-145.2648933,187.5715478,1159.050408
17.5700,-145.1594339,187.6309865,1158.956977
17.5750,-145.0759376,187.6892504,1158.868577
17.5800,-145.015408,187.7455517,1158.785366
17.5850,-144.9773614,187.8013411,1158.707011
17.5900,-144.9623478,187.8566257,1158.633397
17.5950,-144.9696282,187.9108041,1158.564273
17.6000,-144.9981361,187.9654032,1158.499256
17.6050,-145.0458818,188.0198085,1158.437983
17.6100,-145.1124456,188.0737088,1158.380225
17.6150,-145.1964278,188.1276657,1158.325478
17.6200,-145.2964315,188.1813126,1158.273496
17.6250,-145.4114161,188.233724,1158.22419
17.6300,-145.5398799,188.2857223,1158.177228
17.6350,-145.6804272,188.3373763,1158.132207
17.6400,-145.8324237,188.3893308,1158.088952
17.6450,-145.9938766,188.4416433,1158.047088
17.6500,-146.1631433,188.4940859,1158.006332
17.6550,-146.339477,188.5468409,1157.966405
17.6600,-146.5202262,188.601269,1157.926695
17.6650,-146.7047501,188.6564107,1157.887268
17.6700,-146.8914057,188.7127973,1157.847689
17.6750,-147.0785145,188.7710883,1157.807642
17.6800,-147.2654868,188.8310674,1157.767085
17.6850,-147.450673,188.8938841,1157.725733
17.6900,-147.6321722,188.9591337,1157.683262
17.6950,-147.8110082,189.0274985,1157.639868
17.7000,-147.9849942,189.0988415,1157.595265
17.7050,-148.1535442,189.1727282,1157.549432
17.7100,-148.3156328,189.2502421,1157.502124
17.7150,-148.4696121,189.3302042,1157.453148
17.7200,-148.6147478,189.4134824,1157.40234
17.7250,-148.7495286,189.4999388,1157.349429
17.7300,-148.8735902,189.5899333,1157.294357
17.7350,-148.986747,189.681962,1157.237229
17.7400,-149.0885556,189.776535,1157.17799
17.7450,-149.1796583,189.8736321,1157.116789
17.7500,-149.25954,189.9726582,1157.053506
17.7550,-149.3295299,190.0736756,1156.988536
17.7600,-149.3903696,190.1769154,1156.921985
17.7650,-149.442881,190.2820422,1156.854119
17.7700,-149.4876702,190.3882865,1156.785115
17.7750,-149.5269667,190.4953653,1156.715427
17.7800,-149.5614947,190.6037649,1156.645141
17.7850,-149.5929776,190.7141658,1156.574569
17.7900,-149.6211257,190.8272702,1156.503409
17.7950,-149.6476879,190.9441522,1156.431965
17.8000,-149.6725043,191.0637669,1156.360448
17.8050,-149.6962865,191.1869076,1156.288914
17.8100,-149.7202143,191.3136599,1156.217605
17.8150,-149.7437005,191.4438686,1156.146337
17.8200,-149.7671992,191.5774946,1156.075273
17.8250,-149.7907887,191.7135448,1156.004509
17.8300,-149.8153519,191.8526695,1155.934181
17.8350,-149.840483,191.993531,1155.864351
17.8400,-149.8670381,192.1359433,1155.795189
17.8450,-149.8956058,192.2799771,1155.726696
17.8500,-149.9257928,192.4247233,1155.658923
17.8550,-149.9585787,192.5698251,1155.59195
17.8600,-149.9943208,192.7149507,1155.525829
17.8650,-150.0322476,192.8594635,1155.460405
17.8700,-150.0746218,193.0031798,1155.396132
17.8750,-150.1203999,193.1463776,1155.33281
17.8800,-150.1713301,193.2884417,1155.270707
17.8850,-150.2281026,193.429539,1155.209958
17.8900,-150.291355,193.570157,1155.150596
17.8950,-150.3620081,193.7100818,1155.092811
17.9000,-150.4393491,193.8491583,1155.036444
17.9050,-150.5250097,193.9864272,1154.981932
17.9100,-150.6181928,194.1230964,1154.928956
17.9150,-150.7187311,194.2582184,1154.877602
17.9200,-150.8258401,194.3913524,1154.827679
17.9250,-150.9394511,194.5234146,1154.779119
17.9300,-151.0578875,194.6534842,1154.731635
17.9350,-151.1808069,194.7818876,1154.685197
17.9400,-151.3077691,194.908447,1154.639671
17.9450,-151.4380585,195.0325175,1154.594996
17.9500,-151.5707572,195.1549441,1154.550992
17.9550,-151.7041574,195.2756553,1154.507387
17.9600,-151.8396612,195.3936044,1154.464583
17.9650,-151.9765027,195.5097518,1154.422264
17.9700,-152.1140361,195.6245687,1154.38036
17.9750,-152.252626,195.7372799,1154.338984
17.9800,-152.3916209,195.8478953,1154.297977
17.9850,-152.5317204,195.9564812,1154.257456
17.9900,-152.6734207,196.0633037,1154.217415
17.9950,-152.8156582,196.1677172,1154.177695
18.0000,-152.9598372,196.2698789,1154.138524
18.0050,-153.1061464,196.370035,1154.099865
18.0100,-153.2551146,196.4678178,1154.061784
18.0150,-153.4072085,196.5633533,1154.024268
18.0200,-153.5639278,196.6553395,1153.987692
18.0250,-153.7259385,196.7435492,1153.952201
18.0300,-153.8938261,196.8279919,1153.917884
18.0350,-154.0678843,196.9097986,1153.884647
18.0400,-154.2478247,196.9882897,1153.852455
18.0450,-154.4342609,197.0628407,1153.821546
18.0500,-154.6279467,197.1354687,1153.791994
18.0550,-154.8287126,197.2054954,1153.763749
18.0600,-155.0349492,197.2733247,1153.736471
18.0650,-155.2480844,197.3392234,1153.710416
18.0700,-155.4670353,197.40234,1153.685423
18.0750,-155.6913343,197.4637366,1153.661272
18.0800,-155.9223994,197.5216183,1153.638428
18.0850,-156.1599141,197.5749069,1153.616771
18.0900,-156.4050107,197.6228508,1153.59662
18.0950,-156.6573846,197.6650121,1153.577956
18.1000,-156.9173183,197.7010837,1153.560862
18.1050,-157.1851569,197.7313159,1153.545361
18.1100,-157.4610646,197.7560499,1153.531456
18.1150,-157.7464841,197.7765982,1153.519351
18.1200,-158.0407085,197.7926783,1153.508938
18.1250,-158.3451119,197.8050496,1153.500435
18.1300,-158.6597351,197.8142188,1153.493924
18.1350,-158.9846888,197.821256,1153.489316
18.1400,-159.320024,197.82588,1153.486752
18.1450,-159.6656747,197.8290892,1153.486326
18.1500,-160.0206045,197.8303951,1153.487841
18.1550,-160.3849721,197.8293121,1153.49156
18.1600,-160.7574153,197.8251673,1153.497249
18.1650,-161.1379904,197.8178594,1153.505114
18.1700,-161.5238751,197.8073665,1153.514465
18.1750,-161.9149837,197.7935262,1153.5255
18.1800,-162.3084834,197.7774479,1153.537648
18.1850,-162.702463,197.7578458,1153.550635
18.1900,-163.0954342,197.734237,1153.564379
18.1950,-163.4850796,197.7074181,1153.578386
18.2000,-163.8703718,197.6776005,1153.592542
18.2050,-164.250354,197.6449601,1153.606788
18.2100,-164.623471,197.6077716,1153.620906
18.2150,-164.9886348,197.5668857,1153.634693
18.2200,-165.3460711,197.5233928,1153.648245
18.2250,-165.6938087,197.4770465,1153.661024
18.2300,-166.031579,197.4284701,1153.672989
18.2350,-166.3575005,197.3789423,1153.683524
18.2400,-166.6695957,197.3295817,1153.692151
18.2450,-166.9674687,197.2826586,1153.698584
18.2500,-167.251087,197.240089,1153.702646
18.2550,-167.5213781,197.2039727,1153.704384
18.2600,-167.7790854,197.1758883,1153.703797
18.2650,-168.0252778,197.1572239,1153.701181
18.2700,-168.261237,197.1476284,1153.696737
18.2750,-168.4879261,197.1478674,1153.690675
18.2800,-168.705447,197.1572095,1153.683019
18.2850,-168.9134788,197.1751804,1153.673691
18.2900,-169.1109187,197.2006533,1153.662314
18.2950,-169.2969642,197.2339652,1153.648627
18.3000,-169.4703416,197.27413,1153.632189
18.3050,-169.6309178,197.3218156,1153.612901
18.3100,-169.7788837,197.3765649,1153.59081
18.3150,-169.9135671,197.4391095,1153.565678
18.3200,-170.0350771,197.510518,1153.537457
18.3250,-170.143439,197.5920584,1153.50602
18.3300,-170.238586,197.6858513,1153.471183
18.3350,-170.3205044,197.7926714,1153.432858
18.3400,-170.3904665,197.9138642,1153.391267
18.3450,-170.4488495,198.0505527,1153.34627
18.3500,-170.4954125,198.2009879,1153.297869
18.3550,-170.5316355,198.3656251,1153.246378
18.3600,-170.5583832,198.5442397,1153.19194
18.3650,-170.5772881,198.7371555,1153.134966
18.3700,-170.5895335,198.9446469,1153.075703
18.3750,-170.5962907,199.1650044,1153.014595
18.3800,-170.5985361,199.3984739,1152.951862
18.3850,-170.5987697,199.6457312,1152.888245
18.3900,-170.5972227,199.9044689,1152.823894
18.3950,-170.596701,200.174357,1152.759699
18.4000,-170.5978683,200.4534593,1152.695933
18.4050,-170.6021865,200.7390999,1152.633132
18.4100,-170.6105531,201.0288798,1152.57171
18.4150,-170.6226364,201.319813,1152.511781
18.4200,-170.6391122,201.6090989,1152.453631
18.4250,-170.6601934,201.8939285,1152.397481
18.4300,-170.6847671,202.1717908,1152.343163
18.4350,-170.7131334,202.4390627,1152.290969
18.4400,-170.7450896,202.6954137,1152.24084
18.4450,-170.7803292,202.9384639,1152.192898
18.4500,-170.8185912,203.1670498,1152.147152
18.4550,-170.8588619,203.3821406,1152.103261
18.4600,-170.900871,203.5835133,1152.061304
18.4650,-170.9444048,203.7718058,1152.021257
18.4700,-170.9890751,203.9473923,1151.983102
18.4750,-171.0339715,204.1109962,1151.94657
18.4800,-171.079355,204.2634341,1151.911794
18.4850,-171.1245099,204.4052187,1151.878522
18.4900,-171.1688302,204.5367647,1151.846633
18.4950,-171.2124608,204.6577706,1151.816253
18.5000,-171.2554038,204.7674716,1151.787381
18.5050,-171.2956157,204.8668313,1151.759449
18.5100,-171.3333514,204.9565198,1151.732636
18.5150,-171.3680174,205.0369826,1151.706714
18.5200,-171.3988845,205.1086007,1151.681543
18.5250,-171.4254874,205.172055,1151.657098
18.5300,-171.4471393,205.2288014,1151.633178
18.5350,-171.4651006,205.2794839,1151.610058
18.5400,-171.4804,205.3233309,1151.588147
18.5450,-171.4934324,205.3608176,1151.567595
18.5500,-171.5055196,205.3908257,1151.548828
18.5550,-171.5150326,205.4123735,1151.531447
18.5600,-171.5205433,205.4247288,1151.515239
18.5650,-171.5212685,205.4283581,1151.49996
18.5700,-171.5165654,205.4233845,1151.485446
18.5750,-171.5057492,205.4099369,1151.471541
18.5800,-171.4885774,205.3892478,1151.458054
18.5850,-171.466161,205.3623951,1151.445272
18.5900,-171.4392846,205.3300226,1151.433508
18.5950,-171.408567,205.2924905,1151.422843
18.6000,-171.3737283,205.2510183,1151.413244
18.6050,-171.3350736,205.2053153,1151.404837
18.6100,-171.2917689,205.1558872,1151.397401
18.6150,-171.2439189,205.1010838,1151.391073
18.6200,-171.1906998,205.0410844,1151.385578
18.6250,-171.1319226,204.9751812,1151.380913
18.6300,-171.0675122,204.9020323,1151.377139
18.6350,-170.9974909,204.8206867,1151.374239
18.6400,-170.9204582,204.7297352,1151.371887
18.6450,-170.8355997,204.6285756,1151.369964
18.6500,-170.7448857,204.5176911,1151.368954
18.6550,-170.6465023,204.3966236,1151.368389
18.6600,-170.5405725,204.26456,1151.368417
18.6650,-170.4263637,204.1208992,1151.36892
18.6700,-170.3028,203.9650098,1151.369699
18.6750,-170.1694799,203.7963379,1151.370706
18.6800,-170.0249795,203.6162534,1151.371608
18.6850,-169.8684022,203.4244725,1151.372173
18.6900,-169.699657,203.2218591,1151.372478
18.6950,-169.5179753,203.0100584,1151.37221
18.7000,-169.3238366,202.7897194,1151.37144
18.7050,-169.1167529,202.5622735,1151.370062
18.7100,-168.8967728,202.3277751,1151.367962
18.7150,-168.6646179,202.0891576,1151.365259
18.7200,-168.4196751,201.8487703,1151.361616
18.7250,-168.161502,201.6081669,1151.356793
18.7300,-167.8893978,201.3683921,1151.350447
18.7350,-167.604182,201.1322463,1151.342636
18.7400,-167.3043352,200.8998367,1151.33296
18.7450,-166.9902417,200.6737848,1151.321171
18.7500,-166.6620308,200.4574077,1151.307139
18.7550,-166.3199574,200.2516746,1151.290824
18.7600,-165.9649233,200.0581555,1151.272348
18.7650,-165.5965109,199.8784576,1151.251513
18.7700,-165.2151546,199.713832,1151.22848
18.7750,-164.8209173,199.5659421,1151.203279
18.7800,-164.4129462,199.4346258,1151.175744
18.7850,-163.9917197,199.3216132,1151.146038
18.7900,-163.5560356,199.2265138,1151.113966
18.7950,-163.105611,199.1497273,1151.07952
18.8000,-162.6385335,199.0909731,1151.042393
18.8050,-162.1552272,199.0495052,1151.002799
18.8100,-161.6540455,199.0248867,1150.960364
18.8150,-161.1347453,199.0152937,1150.915329
18.8200,-160.5973863,199.0185762,1150.867851
18.8250,-160.0416949,199.0347499,1150.817949
18.8300,-159.4683415,199.0631799,1150.765978
18.8350,-158.8774132,199.1012616,1150.712231
18.8400,-158.268582,199.1496075,1150.656576
18.8450,-157.6429739,199.2068441,1150.599422
18.8500,-156.9999382,199.273507,1150.540575
18.8550,-156.3418274,199.3499108,1150.480638
18.8600,-155.66857,199.4353942,1150.419475
18.8650,-154.9819216,199.5288511,1150.357554
18.8700,-154.281947,199.6304202,1150.294896
18.8750,-153.5697696,199.7384484,1150.231778
18.8800,-152.8467989,199.8523452,1150.168643
18.8850,-151.3210386,198.8668517,1150.395029
18.8900,-151.4388073,198.7718938,1150.394848
18.8950,-150.622901,200.2140336,1149.981862
18.9000,-149.8704344,200.3379137,1149.922119
18.9050,-149.1161375,200.4619985,1149.864285
18.9100,-148.3626641,200.5858289,1149.808798
18.9150,-147.6133333,200.7099631,1149.756178
18.9200,-146.8702886,200.8335129,1149.706697
18.9250,-146.1357246,200.9560872,1149.660703
18.9300,-145.4119113,201.077738,1149.618342
18.9350,-144.7012735,201.1977901,1149.580022
18.9400,-144.0062083,201.3158879,1149.54607
18.9450,-143.3294117,201.4313579,1149.516766
18.9500,-142.6714841,201.5421287,1149.492303
18.9550,-142.0341919,201.648771,1149.472658
18.9600,-141.4198382,201.7505716,1149.458099
18.9650,-140.8280328,201.8471533,1149.448376
18.9700,-140.26,201.9382993,1149.443572
18.9750,-139.7155851,202.024755,1149.443413
18.9800,-139.1958869,202.1056952,1149.448005
18.9850,-138.7005057,202.1808879,1149.457185
18.9900,-138.2288613,202.2504265,1149.470685
18.9950,-137.7799225,202.3132264,1149.488361
19.0000,-137.3516876,202.3690002,1149.50988
19.0050,-136.9434857,202.4172856,1149.535074
19.0100,-136.5526466,202.4585762,1149.563523
19.0150,-136.1785699,202.4916535,1149.595113
19.0200,-135.8198052,202.5160992,1149.62965
19.0250,-135.4749858,202.5316879,1149.667045
19.0300,-135.1443675,202.5395994,1149.707223
19.0350,-134.8259613,202.5397043,1149.749788
19.0400,-134.5205706,202.5333488,1149.794832
19.0450,-134.2272486,202.5213637,1149.842169
19.0500,-133.9466644,202.504083,1149.891948
19.0550,-133.678632,202.4815865,1149.944145
19.0600,-133.4221362,202.4553915,1149.998493
19.0650,-133.1775211,202.4258659,1150.054953
19.0700,-132.9453618,202.393576,1150.11352
19.0750,-132.7258053,202.3579857,1150.174107
19.0800,-132.5187464,202.3200203,1150.236611
19.0850,-132.3236683,202.279218,1150.300886
19.0900,-132.1414509,202.2355385,1150.367071
19.0950,-131.9702382,202.1888439,1150.434811
19.1000,-131.8107709,202.1395283,1150.504213
19.1050,-131.6616049,202.0874293,1150.575084
19.1100,-131.5227153,202.0333325,1150.647518
19.1150,-131.3932554,201.9772116,1150.721355
19.1200,-131.2712969,201.9191644,1150.796459
19.1250,-131.1567161,201.8592262,1150.872813
19.1300,-131.0480103,201.7967476,1150.950248
19.1350,-130.9443406,201.7325554,1151.028525
19.1400,-130.8451784,201.6676786,1151.107494
19.1450,-130.7491684,201.601619,1151.186952
19.1500,-130.6559946,201.5343135,1151.266871
19.1550,-130.5642839,201.4653032,1151.346943
19.1600,-130.4749498,201.3951018,1151.427323
19.1650,-130.3865837,201.3244359,1151.507751
19.1700,-130.299435,201.2522078,1151.588328
19.1750,-130.2138473,201.1799398,1151.668959
19.1800,-130.1293622,201.1077158,1151.749481
19.1850,-130.0473001,201.0374188,1151.830033
19.1900,-129.9677636,200.9683627,1151.910643
19.1950,-129.8914928,200.9022113,1151.991377
19.2000,-129.8183783,200.8390302,1152.072235
19.2050,-129.7479428,200.778381,1152.153296
19.2100,-129.6801416,200.720906,1152.234449
19.2150,-129.6141547,200.6665829,1152.315558
19.2200,-129.5499315,200.6154616,1152.396581
19.2250,-129.4877027,200.5670616,1152.477587
19.2300,-129.4263938,200.5198778,1152.558533
19.2350,-129.3659571,200.4737849,1152.639396
19.2400,-129.3061803,200.4283998,1152.720097
19.2450,-129.2463815,200.3830141,1152.800548
19.2500,-129.1865654,200.3382667,1152.880562
19.2550,-129.1271755,200.2937683,1152.96031
19.2600,-129.0666774,200.248997,1153.039614
19.2650,-129.0058054,200.2045571,1153.118558
19.2700,-128.9454041,200.1605288,1153.197182
19.2750,-128.8852523,200.1172323,1153.2755
19.2800,-128.8253498,200.0749757,1153.353457
19.2850,-128.7659763,200.0336642,1153.430997
19.2900,-128.7078279,199.9944948,1153.508372
19.2950,-128.6503145,199.9564814,1153.585437
19.3000,-128.5940354,199.9202611,1153.662351
19.3050,-128.5390306,199.8852836,1153.739143
19.3100,-128.4863745,199.851888,1153.815994
19.3150,-128.4354739,199.8195838,1153.892763
19.3200,-128.3866348,199.7871406,1153.969539
19.3250,-128.3407921,199.7556351,1154.046364
19.3300,-128.2979354,199.7240509,1154.123323
19.3350,-128.25775,199.692054,1154.200461
19.3400,-128.2216332,199.6596696,1154.277987
19.3450,-128.1889807,199.6262785,1154.355824
19.3500,-128.1604566,199.5913364,1154.434086
19.3550,-128.1359328,199.5549644,1154.512737
19.3600,-128.1158721,199.5167953,1154.591822
19.3650,-128.1007698,199.4775686,1154.671347
19.3700,-128.0900082,199.4367436,1154.751191
19.3750,-128.0830785,199.3946146,1154.831269
19.3800,-128.0805595,199.3507383,1154.911562
19.3850,-128.0819142,199.3048947,1154.992117
19.3900,-128.0868449,199.2579585,1155.072674
19.3950,-128.095322,199.2105942,1155.153132
19.4000,-128.106183,199.1622904,1155.23343
19.4050,-128.1196896,199.1135377,1155.313511
19.4100,-128.1349891,199.0637639,1155.393205
19.4150,-128.1522527,199.0144994,1155.472487
19.4200,-128.1706524,198.9658843,1155.551109
19.4250,-128.1901795,198.9188625,1155.629024
19.4300,-128.210342,198.8737835,1155.706126
19.4350,-128.2308009,198.8317388,1155.782398
19.4400,-128.250294,198.7906923,1155.857719
19.4450,-128.2692271,198.7524337,1155.93206
19.4500,-128.2866802,198.7163646,1156.005284
19.4550,-128.3026754,198.68217,1156.077513
19.4600,-128.3163213,198.6505673,1156.148544
19.4650,-128.327373,198.6204766,1156.218348
19.4700,-128.3365426,198.5928267,1156.287016
19.4750,-128.3437943,198.5664552,1156.35468
19.4800,-128.349451,198.5416906,1156.421368
19.4850,-128.354259,198.5179556,1156.487243
19.4900,-128.3590439,198.4960529,1156.552314
19.4950,-128.3622583,198.4757079,1156.616391
19.5000,-128.3651532,198.4564749,1156.679715
19.5050,-128.3678689,198.4392051,1156.742207
19.5100,-128.3704293,198.4234007,1156.803941
19.5150,-128.3738036,198.4089564,1156.865091
19.5200,-128.3773803,198.3958547,1156.925655
19.5250,-128.3813468,198.3837736,1156.985488
19.5300,-128.3867427,198.3737192,1157.044838
19.5350,-128.3929431,198.3646808,1157.103616
19.5400,-128.4002548,198.3566062,1157.161916
19.5450,-128.409864,198.3504513,1157.2199
19.5500,-128.4214597,198.3461616,1157.277589
19.5550,-128.4343872,198.3433601,1157.334865
19.5600,-128.4494613,198.3422428,1157.391814
19.5650,-128.4663271,198.3429083,1157.448331
19.5700,-128.4856073,198.345475,1157.504679
19.5750,-128.5071249,198.3504447,1157.560671
19.5800,-128.5304747,198.3570382,1157.61632
19.5850,-128.5554021,198.366181,1157.671597
19.5900,-128.581584,198.3761886,1157.72632
19.5950,-128.6094372,198.38844,1157.780532
19.6000,-128.6390159,198.4019854,1157.834139
19.6050,-128.6702139,198.4176217,1157.887029
19.6100,-128.7032739,198.4344855,1157.939294
19.6150,-128.7388668,198.4513819,1157.991152
19.6200,-128.7774834,198.4695382,1158.042638
19.6250,-128.8183758,198.4890255,1158.093542
19.6300,-128.8610646,198.508737,1158.143915
19.6350,-128.9065485,198.5304614,1158.193851
19.6400,-128.9533969,198.553415,1158.243126
19.6450,-129.0020628,198.5780981,1158.291727
19.6500,-129.0516362,198.6048277,1158.339533
19.6550,-129.1012096,198.6333398,1158.386364
19.6600,-129.1510672,198.6630298,1158.432273
19.6650,-129.2005767,198.6927241,1158.47725
19.6700,-129.2505817,198.7236646,1158.521355
19.6750,-129.3003115,198.7548634,1158.564455
19.6800,-129.3496648,198.7869339,1158.606624
19.6850,-129.3984753,198.8187362,1158.647952
19.6900,-129.4457718,198.8495546,1158.688285
19.6950,-129.4922669,198.8785966,1158.727954
19.7000,-129.5385497,198.9057516,1158.76702
19.7050,-129.5835404,198.9308627,1158.805318
19.7100,-129.6276255,198.9534143,1158.84296
19.7150,-129.669909,198.9732166,1158.879835
19.7200,-129.711467,198.990521,1158.916135
19.7250,-129.7511425,199.0041468,1158.951623
19.7300,-129.7894137,199.0139197,1158.986284
19.7350,-129.8259931,199.0196495,1159.020063
19.7400,-129.8615316,199.0223086,1159.053019
19.7450,-129.8952006,199.0219479,1159.084841
19.7500,-129.9274918,199.0189827,1159.115685
19.7550,-129.9593276,199.0141171,1159.145465
19.7600,-129.9909893,199.0088302,1159.174102
19.7650,-130.0235919,199.0035668,1159.201895
19.7700,-130.056091,198.999014,1159.228616
19.7750,-130.0882634,198.9963106,1159.25417
19.7800,-130.12048,198.9955752,1159.278554
19.7850,-130.1513441,198.9970094,1159.301528
19.7900,-130.1796961,199.0006604,1159.322878
19.7950,-130.2074921,199.0074739,1159.342832
19.8000,-130.2340713,199.017345,1159.361351
19.8050,-130.2596167,199.0307981,1159.378407
19.8100,-130.283506,199.047109,1159.393915
19.8150,-130.3058769,199.0660133,1159.407916
19.8200,-130.3283999,199.087363,1159.420643
19.8250,-130.3513424,199.1105842,1159.43227
19.8300,-130.3739092,199.1350473,1159.442595
19.8350,-130.3961391,199.1608913,1159.451743
19.8400,-130.4204402,199.1876405,1159.460215
19.8450,-130.4448241,199.21343,1159.467709
19.8500,-130.4707436,199.2382972,1159.474459
19.8550,-130.4992224,199.2627224,1159.480617
19.8600,-130.5311191,199.2875527,1159.486247
19.8650,-130.5654041,199.3115106,1159.491176
19.8700,-130.6022433,199.336228,1159.495247
19.8750,-130.6420627,199.3605964,1159.498612
19.8800,-130.6855074,199.3857729,1159.501368
19.8850,-130.7317863,199.4128141,1159.503066
19.8900,-130.78199,199.4434835,1159.504006
19.8950,-130.8364062,199.4769665,1159.504182
19.9000,-130.8952775,199.5157356,1159.503609
19.9050,-130.9586661,199.5592969,1159.502347
19.9100,-131.0254973,199.6093438,1159.500058
19.9150,-131.095246,199.6665647,1159.496696
19.9200,-131.1676263,199.7293673,1159.49232
19.9250,-131.2432199,199.7974731,1159.487163
19.9300,-131.3218673,199.8718556,1159.481206
19.9350,-131.4038337,199.9509451,1159.47455
19.9400,-131.4889162,200.034795,1159.467263
19.9450,-131.5782009,200.1223774,1159.459742
19.9500,-131.6714444,200.2123238,1159.452028
19.9550,-131.7700992,200.3037063,1159.44468
19.9600,-131.8750326,200.3956821,1159.438144
19.9650,-131.9867566,200.486948,1159.43246
19.9700,-132.1043082,200.5759931,1159.427611
19.9750,-132.2294405,200.6628311,1159.424252
19.9800,-132.3611398,200.7458916,1159.422183
19.9850,-132.4999408,200.8260748,1159.421605
19.9900,-132.6469378,200.9015341,1159.422927
19.9950,-132.8017966,200.9726566,1159.426077
20.0000,-132.9644851,201.0391142,1159.430982
20.0050,-133.1370296,201.1005566,1159.43814
20.0100,-133.318289,201.1581354,1159.447249
20.0150,-133.5083347,201.2125379,1159.458234
20.0200,-133.706809,201.2642801,1159.471021
20.0250,-133.9140492,201.3140834,1159.485692
20.0300,-134.1299125,201.3624089,1159.502306
20.0350,-134.3541333,201.410346,1159.520571
20.0400,-134.5861313,201.4579568,1159.540529
20.0450,-134.8254048,201.5054954,1159.561983
20.0500,-135.0727063,201.5537898,1159.585021
20.0550,-135.326776,201.6034897,1159.609329
20.0600,-135.5882893,201.6539695,1159.635139
20.0650,-135.8565757,201.7056892,1159.66208
20.0700,-136.1326685,201.7589695,1159.690396
20.0750,-136.4174782,201.8136328,1159.720299
20.0800,-136.7105643,201.869854,1159.751799
20.0850,-137.01097,201.927281,1159.784619
20.0900,-137.3201053,201.9851808,1159.819297
20.0950,-137.6373598,202.0418535,1159.855896
20.1000,-137.962147,202.0971805,1159.894182
20.1050,-138.2947419,202.150682,1159.934438
20.1100,-138.6349639,202.2017102,1159.976595
20.1150,-138.9830992,202.2497079,1160.020701
20.1200,-139.3380534,202.2954057,1160.066689
20.1250,-139.6997195,202.3391928,1160.114528
20.1300,-140.0683214,202.3798485,1160.164378
20.1350,-140.4450467,202.4180461,1160.216519
20.1400,-140.8270135,202.453754,1160.270313
20.1450,-141.2158281,202.4876992,1160.326248
20.1500,-141.6101935,202.5193452,1160.384012
20.1550,-142.0105008,202.5483492,1160.443795
20.1600,-142.4153948,202.5737818,1160.505322
20.1650,-142.8257719,202.5976719,1160.568836
20.1700,-143.2427812,202.6197341,1160.634691
20.1750,-143.6665737,202.6413175,1160.702868
20.1800,-144.0983003,202.6636966,1160.773478
20.1850,-144.5395658,202.6857405,1160.847126
20.1900,-144.9901073,202.7083854,1160.923801
20.1950,-145.4494357,202.7328467,1161.003438
20.2000,-145.9173877,202.7577504,1161.086009
20.2050,-146.3933096,202.783585,1161.171409
20.2100,-146.8783394,202.8092341,1161.260075
20.2150,-147.3716552,202.8351349,1161.351874
20.2200,-147.8728273,202.8618142,1161.44673
20.2250,-148.3812012,202.8891213,1161.544577
20.2300,-148.8968418,202.9174743,1161.645572
20.2350,-149.4193879,202.9466181,1161.749807
20.2400,-149.9484976,202.9766728,1161.857294
20.2450,-150.4809518,203.0074988,1161.967066
20.2500,-151.0167683,203.0392464,1162.079197
20.2550,-151.553451,203.0724608,1162.192813
20.2600,-152.0902788,203.1062716,1162.307679
20.2650,-152.6263148,203.1407486,1162.423487
20.2700,-153.1616748,203.1746007,1162.540353
20.2750,-153.6965174,203.2082884,1162.658164
20.2800,-154.2309214,203.2415162,1162.7771
20.2850,-154.765412,203.2739298,1162.897104
20.2900,-155.2997039,203.307571,1163.018205
20.2950,-155.8335261,203.3415174,1163.140359
20.3000,-156.3668036,203.37641,1163.26357
20.3050,-156.8983861,203.4120596,1163.387489
20.3100,-157.4285281,203.4472313,1163.512213
20.3150,-157.9576761,203.4823303,1163.637781
20.3200,-158.4853241,203.5159071,1163.763842
20.3250,-159.0113631,203.5477654,1163.890413
20.3300,-159.5352188,203.5772809,1164.017262
20.3350,-160.0557499,203.6034818,1164.144097
20.3400,-160.5725015,203.626284,1164.270677
20.3450,-161.0852357,203.644928,1164.397111
20.3500,-161.5916795,203.6586802,1164.522755
20.3550,-162.0917859,203.6674219,1164.647812
20.3600,-162.5838569,203.6697332,1164.771801
20.3650,-163.067039,203.6656995,1164.894497
20.3700,-163.5406639,203.6538587,1165.015559
20.3750,-164.0032354,203.6334599,1165.134504
20.3800,-164.455074,203.604762,1165.251327
20.3850,-164.8973309,203.5671508,1165.366287
20.3900,-165.3299845,203.5217051,1165.47906
20.3950,-165.7538429,203.4694953,1165.590062
20.4000,-166.1696278,203.411405,1165.699159
20.4050,-166.5779604,203.3467713,1165.806398
20.4100,-166.9807439,203.2777786,1165.912353
20.4150,-167.3784684,203.2055079,1166.017262
20.4200,-167.7720236,203.128416,1166.121369
20.4250,-168.1622969,203.0464269,1166.225027
20.4300,-168.5501887,202.960614,1166.328537
20.4350,-168.9356806,202.871092,1166.431812
20.4400,-169.3195848,202.7777075,1166.535149
20.4450,-169.7016548,202.6812422,1166.638458
20.4500,-170.0826304,202.581519,1166.742114
20.4550,-170.4614643,202.4796638,1166.845633
20.4600,-170.8382902,202.374742,1166.949173
20.4650,-171.2134762,202.2660379,1167.052856
20.4700,-171.5849828,202.1533892,1167.155951
20.4750,-171.9522204,202.0368048,1167.258286
20.4800,-172.312885,201.9158665,1167.359148
20.4850,-172.6659081,201.7917196,1167.458219
20.4900,-173.010568,201.6644756,1167.554875
20.4950,-173.3470242,201.5353112,1167.649211
20.5000,-173.6750763,201.4053313,1167.741068
20.5050,-173.9953865,201.2749177,1167.830673
20.5100,-174.3065224,201.144077,1167.917227
20.5150,-174.6090263,201.0144615,1168.000666
20.5200,-174.9035112,200.8870464,1168.080902
20.5250,-175.189798,200.7625866,1168.157447
20.5300,-175.4669751,200.6408909,1168.229552
20.5350,-175.7352957,200.5214782,1168.297146
20.5400,-175.9944949,200.4051329,1168.359812
20.5450,-176.2460671,200.2908459,1168.418054
20.5500,-176.4904332,200.1785684,1168.471926
20.5550,-176.7291665,200.0684888,1168.521986
20.5600,-176.962513,199.9608569,1168.56835
20.5650,-177.1908589,199.8554904,1168.611235
20.5700,-177.4145532,199.7529113,1168.650771
20.5750,-177.6318939,199.6521501,1168.686274
20.5800,-177.8439133,199.5529874,1168.718036
20.5850,-178.0506316,199.455105,1168.746282
20.5900,-178.2511679,199.3579246,1168.770544
20.5950,-178.4456018,199.2614679,1168.790823
20.6000,-178.6341496,199.1650632,1168.807369
20.6050,-178.8166868,199.0692543,1168.820062
20.6100,-178.9940448,198.9741655,1168.829206
20.6150,-179.1656236,198.8790911,1168.834737
20.6200,-179.3312629,198.7864256,1168.836735
20.6250,-179.4902403,198.6967369,1168.834865
20.6300,-179.6424321,198.6112447,1168.829105
20.6350,-179.787744,198.5301996,1168.819439
20.6400,-179.9260034,198.4557928,1168.80576
20.6450,-180.0570884,198.3873687,1168.787953
20.6500,-180.1819675,198.3247746,1168.766408
20.6550,-180.2990835,198.266476,1168.740311
20.6600,-180.410092,198.2126412,1168.71054
20.6650,-180.5151124,198.161837,1168.677038
20.6700,-180.6138346,198.1139625,1168.639712
20.6750,-180.7072108,198.0704863,1168.598718
20.6800,-180.7952059,198.0297507,1168.554003
20.6850,-180.8786152,197.9930142,1168.505983
20.6900,-180.9576007,197.9592756,1168.454657
20.6950,-181.0332739,197.929361,1168.400203
20.7000,-181.1066552,197.9016274,1168.343384
20.7050,-181.1794024,197.8758965,1168.284873
20.7100,-181.2525576,197.8518486,1168.225332
20.7150,-181.3264986,197.8299893,1168.1648
20.7200,-181.4027711,197.8114784,1168.104016
20.7250,-181.4808965,197.797055,1168.042708
20.7300,-181.5631028,197.7863759,1167.982096
20.7350,-181.6491014,197.7785544,1167.922216
20.7400,-181.7397432,197.7748142,1167.863548
20.7450,-181.835474,197.7751519,1167.806281
20.7500,-181.9359543,197.7790434,1167.750456
20.7550,-182.0421106,197.7864278,1167.696549
20.7600,-182.154164,197.7982681,1167.644806
20.7650,-182.2711538,197.8142648,1167.594919
20.7700,-182.393294,197.8334897,1167.546987
20.7750,-182.5207111,197.8563298,1167.501221
20.7800,-182.6553257,197.8827659,1167.458628
20.7850,-182.7968845,197.911184,1167.419401
20.7900,-182.9454475,197.9403312,1167.383849
20.7950,-183.1021537,197.9679321,1167.352741
20.8000,-183.2666169,197.9929164,1167.326086
20.8050,-183.4389506,198.0147605,1167.304158
20.8100,-183.6200311,198.0337901,1167.287428
20.8150,-183.8102804,198.0484516,1167.276245
20.8200,-184.0104793,198.0585418,1167.271078
20.8250,-184.220911,198.0645309,1167.27204
20.8300,-184.4436432,198.0660773,1167.280164
20.8350,-184.6789687,198.0648383,1167.295408
20.8400,-184.9281477,198.0596271,1167.318417
20.8450,-185.1920081,198.050929,1167.34949
20.8500,-185.4699346,198.0405671,1167.388356
20.8550,-185.7630723,198.0281465,1167.435503
20.8600,-186.0705524,198.014622,1167.490562
20.8650,-186.3921214,198.0001626,1167.553578
20.8700,-186.7273601,197.9851045,1167.624429
20.8750,-187.0763892,197.9696037,1167.703235
20.8800,-187.4378606,197.9528552,1167.789628
20.8850,-187.8111954,197.9349478,1167.883265
20.8900,-188.1953948,197.9157626,1167.983695
20.8950,-188.5907275,197.8940997,1168.09117
20.9000,-188.9961849,197.8704832,1168.205218
20.9050,-189.4116747,197.8438868,1168.325842
20.9100,-189.8358644,197.8146529,1168.45255
20.9150,-190.268789,197.7819947,1168.585369
20.9200,-190.7096836,197.7444836,1168.724046
20.9250,-191.1583645,197.701063,1168.868597
20.9300,-191.6147565,197.6503675,1169.018985
20.9350,-192.0784001,197.5915634,1169.175168
20.9400,-192.54927,197.5228156,1169.337087
20.9450,-193.0269934,197.4441817,1169.504687
20.9500,-193.5106367,197.3560617,1169.677448
20.9550,-194.0002441,197.2601921,1169.85537
20.9600,-194.4943524,197.1571043,1170.037435
20.9650,-194.9930833,197.0475584,1170.223748
20.9700,-195.4954273,196.9328433,1170.413477
20.9750,-196.0012172,196.8116974,1170.606665
20.9800,-196.5093079,196.6859042,1170.802629
20.9850,-197.0188291,196.5549869,1171.000837
20.9900,-197.5283783,196.4196895,1171.20067
20.9950,-198.0371975,196.2784138,1171.401776
21.0000,-198.5451337,196.1325655,1171.603983
21.0050,-199.050605,195.9829524,1171.806579
21.0100,-199.5518358,195.8294193,1172.008491
21.0150,-200.0495939,195.6719261,1172.210214
21.0200,-200.5419126,195.5103374,1172.410722
21.0250,-201.0305187,195.3441889,1172.610775
21.0300,-201.5138415,195.1742827,1172.809468
21.0350,-201.9923389,195.0004303,1173.006874
21.0400,-202.466356,194.823239,1173.20306
21.0450,-202.9362386,194.6417841,1173.398232
21.0500,-203.4025331,194.4578789,1173.592573
21.0550,-203.8644054,194.2706728,1173.785678
21.0600,-204.3225153,194.0804927,1173.978026
21.0650,-204.7769885,193.887709,1174.16977
21.0700,-205.2278994,193.6928466,1174.361115
21.0750,-205.675454,193.4965069,1174.552256
21.0800,-206.1186076,193.2990116,1174.742641
21.0850,-206.5572454,193.1006062,1174.932119
21.0900,-206.9916046,192.9026875,1175.12097
21.0950,-207.4204907,192.7074756,1175.308346
21.1000,-207.8448408,192.5159541,1175.494613
21.1050,-208.2645382,192.3286227,1175.679446
21.1100,-208.6790212,192.1468245,1175.862391
21.1150,-209.088512,191.9725083,1176.043448
21.1200,-209.4918525,191.8065963,1176.221882
21.1250,-209.8881563,191.649495,1176.397222
21.1300,-210.2774077,191.5026326,1176.569339
21.1350,-210.6584392,191.36539,1176.737504
21.1400,-211.0311533,191.2403473,1176.901463
21.1450,-211.3947398,191.1286826,1177.060673
21.1500,-211.7498492,191.0293138,1177.215228
21.1550,-212.0958842,190.9427592,1177.364754
21.1600,-212.4330952,190.8696457,1177.509313
21.1650,-212.7606941,190.8103023,1177.648282
21.1700,-213.0782589,190.7650839,1177.781362
21.1750,-213.386222,190.7331096,1177.908856
21.1800,-213.6842578,190.7154309,1178.03055
21.1850,-213.9711214,190.7103105,1178.145791
21.1900,-214.2479441,190.715919,1178.255496
21.1950,-214.5136804,190.732251,1178.359141
21.2000,-214.7684739,190.7576965,1178.457005
21.2050,-215.0109593,190.7919082,1178.548519
21.2100,-215.2417884,190.8343534,1178.634162
21.2150,-215.4607008,190.8834506,1178.714002
21.2200,-215.6672924,190.9390457,1178.788018
21.2250,-215.861703,190.9999591,1178.856303
21.2300,-216.044061,191.0656478,1178.919251
21.2350,-216.2142136,191.1357828,1178.976755
21.2400,-216.3726494,191.2089455,1179.029502
21.2450,-216.5190269,191.2844467,1179.077278
21.2500,-216.6521376,191.3614772,1179.119496
21.2550,-216.7730845,191.4371362,1179.157041
21.2600,-216.8811256,191.5110886,1179.189419
21.2650,-216.9762581,191.5831837,1179.216605
21.2700,-217.0592054,191.6516398,1179.239275
21.2750,-217.1294203,191.7173632,1179.25696
21.2800,-217.1872432,191.7800055,1179.269964
21.2850,-217.2332948,191.838992,1179.278592
21.2900,-217.2683426,191.8942746,1179.283343
21.2950,-217.2916235,191.9468632,1179.283523
21.3000,-217.3036126,191.9960917,1179.27958
21.3050,-217.3045127,192.0438022,1179.271443
21.3100,-217.2953768,192.0896397,1179.259685
21.3150,-217.2750724,192.1336063,1179.243551
21.3200,-217.245247,192.175526,1179.223869
21.3250,-217.2055887,192.2161377,1179.200427
21.3300,-217.1568259,192.2548012,1179.173579
21.3350,-217.0990736,192.2922901,1179.14333
21.3400,-217.0324361,192.3278517,1179.109762
21.3450,-216.9580955,192.3622555,1179.073523
21.3500,-216.8762928,192.3949341,1179.034789
21.3550,-216.7883089,192.4260329,1178.994295
21.3600,-216.6950753,192.4565236,1178.952496
21.3650,-216.5970725,192.4860221,1178.909601
21.3700,-216.4955066,192.5155643,1178.866314
21.3750,-216.3911426,192.5429523,1178.823138
21.3800,-216.284464,192.5685236,1178.780331
21.3850,-216.1764205,192.5936262,1178.73837
21.3900,-216.0669107,192.6178299,1178.69717
21.3950,-215.9564771,192.6401683,1178.65693
21.4000,-215.8450311,192.661534,1178.617697
21.4050,-215.7323094,192.6818767,1178.579196
21.4100,-215.6189002,192.7011623,1178.541818
21.4150,-215.5041964,192.7189296,1178.505059
21.4200,-215.3888388,192.7347853,1178.469121
21.4250,-215.2734298,192.7483587,1178.43427
21.4300,-215.1573626,192.7608416,1178.400032
21.4350,-215.0413386,192.7724215,1178.366721
21.4400,-214.9254178,192.7817619,1178.334516
21.4450,-214.8095257,192.7892851,1178.303383
21.4500,-214.6935402,192.7962074,1178.273331
21.4550,-214.5772041,192.8028542,1178.244116
21.4600,-214.460826,192.8080367,1178.215851
21.4650,-214.3445497,192.8118558,1178.188707
21.4700,-214.2278562,192.8146814,1178.162232
21.4750,-214.1111867,192.8163202,1178.136579
21.4800,-213.9946304,192.8160489,1178.111861
21.4850,-213.8787533,192.814488,1178.088332
21.4900,-213.763144,192.8119224,1178.065789
21.4950,-213.6484828,192.8074242,1178.044545
21.5000,-213.5343437,192.8016569,1178.024332
21.5050,-213.4218546,192.794338,1178.005813
21.5100,-213.3098353,192.7850914,1177.988473
21.5150,-213.1978376,192.7746892,1177.971888
21.5200,-213.0868839,192.7623594,1177.956712
21.5250,-212.9763119,192.7496829,1177.942683
21.5300,-212.865304,192.7363811,1177.929123
21.5350,-212.7544688,192.722807,1177.916454
21.5400,-212.6428491,192.7092445,1177.903971
21.5450,-212.5303045,192.696036,1177.891552
21.5500,-212.4173848,192.6831789,1177.879554
21.5550,-212.302976,192.6719746,1177.867165
21.5600,-212.1873343,192.6624609,1177.854734
21.5650,-212.0705668,192.654632,1177.842228
21.5700,-211.9517613,192.6495156,1177.829171
21.5750,-211.8307297,192.6464569,1177.815441
21.5800,-211.7087062,192.6445252,1177.801665
21.5850,-211.5850871,192.6454817,1177.787579
21.5900,-211.4594829,192.6486017,1177.772745
21.5950,-211.3329858,192.6534147,1177.757995
21.6000,-211.2050745,192.6613701,1177.742794
21.6050,-211.0763146,192.6710358,1177.727502
21.6100,-210.9470098,192.6824503,1177.712412
21.6150,-210.8171825,192.6942232,1177.697547
21.6200,-210.686782,192.7069689,1177.682872
21.6250,-210.5553891,192.7201289,1177.668279
21.6300,-210.4229836,192.7338155,1177.653823
21.6350,-210.2906346,192.7480198,1177.640094
21.6400,-210.1580198,192.7621124,1177.626953
21.6450,-210.0242511,192.7756422,1177.613945
21.6500,-209.8894341,192.7883025,1177.601007
21.6550,-209.7539277,192.800091,1177.588398
21.6600,-209.61622,192.8103816,1177.575168
21.6650,-209.4774769,192.8198588,1177.562008
21.6700,-209.3374372,192.827215,1177.548751
21.6750,-209.1963873,192.8341499,1177.535523
21.6800,-209.0540911,192.8393469,1177.522144
21.6850,-208.9107844,192.8425,1177.508859
21.6900,-208.766278,192.84457,1177.495466
21.6950,-208.62021,192.8448517,1177.481934
21.7000,-208.4733935,192.8428111,1177.468649
21.7050,-208.3255091,192.8394587,1177.455589
21.7100,-208.1762651,192.83387,1177.442641
21.7150,-208.0267992,192.8249109,1177.430556
21.7200,-207.8766549,192.814166,1177.419119
21.7250,-207.7264396,192.8006264,1177.408666
21.7300,-207.5761057,192.7830008,1177.39924
21.7350,-207.4252766,192.7622054,1177.390687
21.7400,-207.2748072,192.7384066,1177.383403
21.7450,-207.124993,192.7126704,1177.3775
21.7500,-206.9757323,192.6827926,1177.373051
21.7550,-206.8269198,192.6490417,1177.370071
21.7600,-206.6780696,192.6131169,1177.368283
21.7650,-206.5301183,192.5750002,1177.368118
21.7700,-206.3833699,192.5334309,1177.369899
21.7750,-206.2368752,192.4894653,1177.37316
21.7800,-206.0906048,192.4429093,1177.377802
21.7850,-205.9444745,192.3941268,1177.38389
21.7900,-205.7989551,192.3429827,1177.39168
21.7950,-205.6535703,192.2909775,1177.400928
21.8000,-205.5081588,192.2379002,1177.411529
21.8050,-205.362143,192.1833037,1177.42307
21.8100,-205.2164069,192.1275393,1177.436051
21.8150,-205.0711197,192.0700256,1177.450757
21.8200,-204.9257096,192.0124288,1177.466713
21.8250,-204.7802198,191.9540457,1177.483928
21.8300,-204.6347612,191.8956043,1177.502553
21.8350,-204.4890148,191.8363725,1177.522383
21.8400,-204.3425853,191.7773309,1177.543185
21.8450,-204.1954719,191.7183548,1177.565033
21.8500,-204.0474926,191.6593175,1177.587586
21.8550,-203.8995687,191.6005553,1177.611361
21.8600,-203.7510951,191.5418571,1177.635835
21.8650,-203.6021744,191.4835031,1177.661108
21.8700,-203.4535159,191.4262016,1177.687233
21.8750,-203.3059381,191.370694,1177.714652
21.8800,-203.1590265,191.3177431,1177.743025
21.8850,-203.0128656,191.2672055,1177.772362
21.8900,-202.8682544,191.2204173,1177.803115
21.8950,-202.724855,191.1776801,1177.835042
21.9000,-202.5824945,191.1391134,1177.868133
21.9050,-202.4411316,191.1041039,1177.902312
21.9100,-202.300404,191.0731233,1177.937337
21.9150,-202.1598097,191.0465688,1177.972982
21.9200,-202.0195667,191.0237971,1178.009205
21.9250,-201.8808345,191.0047051,1178.046554
21.9300,-201.7426585,190.9894792,1178.084347
21.9350,-201.6051648,190.9780551,1178.122602
21.9400,-201.4683647,190.9706906,1178.16117
21.9450,-201.3330263,190.9671635,1178.20044
21.9500,-201.1990334,190.9676029,1178.240249
21.9550,-201.0658545,190.9715346,1178.280328
21.9600,-200.9347575,190.9790899,1178.321381
21.9650,-200.8047851,190.9883719,1178.363089
21.9700,-200.6754766,191.0001529,1178.405168
21.9750,-200.5465215,191.0137422,1178.447474
21.9800,-200.417717,191.0300693,1178.489985
21.9850,-200.2884786,191.0475125,1178.532418
21.9900,-200.1588185,191.0645755,1178.574918
21.9950,-200.0295483,191.081519,1178.617947
22.0000,-199.8997427,191.0982948,1178.660987
22.0050,-199.770082,191.1126979,1178.704585
22.0100,-199.6409803,191.1258696,1178.748786
22.0150,-199.5115687,191.1360362,1178.7933
22.0200,-199.382405,191.1434245,1178.838395
22.0250,-199.2535999,191.147145,1178.884293
22.0300,-199.1253873,191.1468285,1178.931212
22.0350,-198.9981853,191.1426957,1178.979398
22.0400,-198.8708502,191.133453,1179.028293
22.0450,-198.7434963,191.1180656,1179.078075
22.0500,-198.616017,191.0968613,1179.128783
22.0550,-198.4893161,191.0687306,1179.180965
22.0600,-198.3631221,191.0324422,1179.234596
22.0650,-198.2371968,190.9872196,1179.289591
22.0700,-198.1122326,190.9332968,1179.346137
22.0750,-197.9891601,190.8706658,1179.404803
22.0800,-197.8679308,190.7995908,1179.465491
22.0850,-197.7488079,190.720024,1179.528238
22.0900,-197.6311754,190.6327257,1179.592782
22.0950,-197.5157562,190.5380395,1179.659358
22.1000,-197.4032238,190.4367029,1179.728292
22.1050,-197.293738,190.3304007,1179.799744
22.1100,-197.1867844,190.2195434,1179.873431
22.1150,-197.0819435,190.1057203,1179.948937
22.1200,-196.9797976,189.9881164,1180.026686
22.1250,-196.880121,189.8668957,1180.106506
22.1300,-196.7826031,189.7423013,1180.188261
22.1350,-196.6874339,189.6151364,1180.272098
22.1400,-196.5947882,189.4846756,1180.358099
22.1450,-196.5041456,189.3504386,1180.446026
22.1500,-196.4161783,189.2131138,1180.536205
22.1550,-196.3301569,189.0727246,1180.628095
22.1600,-196.2471927,188.9297618,1180.722118
22.1650,-196.1669222,188.7844873,1180.817841
22.1700,-196.0894801,188.6366806,1180.915605
22.1750,-196.013844,188.4868169,1181.014768
22.1800,-195.9407261,188.3349484,1181.115861
22.1850,-195.8699944,188.1796358,1181.218843
22.1900,-195.8013135,188.021451,1181.323671
22.1950,-195.7350567,187.8612342,1181.430497
22.2000,-195.6711869,187.6977367,1181.539375
22.2050,-195.6092932,187.5313101,1181.650268
22.2100,-195.5500892,187.3620722,1181.763358
22.2150,-195.4941268,187.1909614,1181.878694
22.2200,-195.4419665,187.0186151,1181.996452
22.2250,-195.3927231,186.8458542,1182.115935
22.2300,-195.3474887,186.6735923,1182.23744
22.2350,-195.3049962,186.5023923,1182.360228
22.2400,-195.2664922,186.3325421,1182.484726
22.2450,-195.2311894,186.1642333,1182.61023
22.2500,-195.19966,185.9974642,1182.736884
22.2550,-195.1730543,185.8340687,1182.864542
22.2600,-195.1502985,185.6734953,1182.992497
22.2650,-195.1319416,185.5184969,1183.120209
22.2700,-195.1166347,185.3695297,1183.246739
22.2750,-195.1039102,185.2253779,1183.371504
22.2800,-195.0933493,185.0862435,1183.4939
22.2850,-195.0849805,184.9532833,1183.613553
22.2900,-195.0779031,184.8265016,1183.729766
22.2950,-195.0702073,184.7057061,1183.841268
22.3000,-195.0617738,184.5902726,1183.94784
22.3050,-195.0513595,184.4807372,1184.048704
22.3100,-195.0392065,184.3759531,1184.144181
22.3150,-195.0246453,184.2768864,1184.234029
22.3200,-195.0073544,184.1801228,1184.318632
22.3250,-194.9865592,184.086177,1184.397694
22.3300,-194.9619452,183.9945146,1184.471367
22.3350,-194.9334667,183.9018803,1184.54035
22.3400,-194.9010953,183.8077985,1184.605048
22.3450,-194.864492,183.7115855,1184.665523
22.3500,-194.823529,183.6130448,1184.721884
22.3550,-194.7782666,183.5121895,1184.7742
22.3600,-194.7290138,183.408974,1184.822524
22.3650,-194.6761229,183.3038464,1184.867041
22.3700,-194.6197165,183.197553,1184.907916
22.3750,-194.5592733,183.0889528,1184.944889
22.3800,-194.4955222,182.9786569,1184.978292
22.3850,-194.4287553,182.8667862,1185.008438
22.3900,-194.3581101,182.7531964,1185.03486
22.3950,-194.2832725,182.6370773,1185.057798
22.4000,-194.2031534,182.517652,1185.076904
22.4050,-194.1174028,182.3943344,1185.092184
22.4100,-194.0254943,182.2669002,1185.10343
22.4150,-193.9269297,182.1347561,1185.110711
22.4200,-193.8202766,181.9987724,1185.113346
22.4250,-193.7053348,181.8587764,1185.111465
22.4300,-193.5827807,181.7145897,1185.105504
22.4350,-193.4520254,181.5664717,1185.095277
22.4400,-193.3135639,181.4139624,1185.081098
22.4450,-193.1678442,181.257978,1185.063192
22.4500,-193.0147671,181.0988239,1185.041516
22.4550,-192.8546895,180.9364563,1185.016555
22.4600,-192.6879115,180.7700895,1184.988806
22.4650,-192.5150204,180.6003709,1184.958554
22.4700,-192.3375134,180.427633,1184.926421
22.4750,-192.1572954,180.2516,1184.893503
22.4800,-191.9744457,180.0732068,1184.85983
22.4850,-191.7908714,179.8937888,1184.826187
22.4900,-191.6073108,179.7135385,1184.792867
22.4950,-191.4237394,179.5325892,1184.759754
22.5000,-191.2414724,179.3524319,1184.727249
22.5050,-191.0606291,179.1743417,1184.695035
22.5100,-190.8805695,178.9991113,1184.662774
22.5150,-190.7028927,178.8275198,1184.631147
22.5200,-190.5270089,178.6610995,1184.599547
22.5250,-190.3535875,178.4996851,1184.568186
22.5300,-190.1830799,178.3426108,1184.537379
22.5350,-190.016214,178.190785,1184.507146
22.5400,-189.8527217,178.0444866,1184.477243
22.5450,-189.6925074,177.9042794,1184.44743
22.5500,-189.5354731,177.7712331,1184.417286
22.5550,-189.3801423,177.6431312,1184.386546
22.5600,-189.2280965,177.5216148,1184.355457
22.5650,-189.0782878,177.4053258,1184.323522
22.5700,-188.9334363,177.2945157,1184.291629
22.5750,-188.792973,177.1905948,1184.259087
22.5800,-188.6579035,177.0931607,1184.226119
22.5850,-188.5273038,177.0030365,1184.192002
22.5900,-188.4014491,176.9204773,1184.156604
22.5950,-188.2820134,176.846216,1184.120448
22.6000,-188.1670969,176.7804433,1184.082561
22.6050,-188.0578095,176.7236017,1184.043152
22.6100,-187.9526315,176.6755786,1184.001588
22.6150,-187.8514448,176.6359134,1183.957696
22.6200,-187.7528103,176.6049156,1183.910844
22.6250,-187.6556986,176.5811494,1183.860899
22.6300,-187.5592018,176.5645342,1183.807547
22.6350,-187.4617417,176.5551176,1183.750077
22.6400,-187.3608752,176.5521815,1183.687565
22.6450,-187.2569476,176.5543502,1183.620497
22.6500,-187.1486708,176.5608056,1183.548561
22.6550,-187.0350561,176.5697242,1183.471775
22.6600,-186.9157797,176.5804283,1183.390294
22.6650,-186.7899712,176.5909763,1183.304189
22.6700,-186.656357,176.5989521,1183.213344
22.6750,-186.5154972,176.6038403,1183.11827
22.6800,-186.365506,176.6049945,1183.018422
22.6850,-186.2065902,176.6016348,1182.914059
22.6900,-186.0397013,176.5943455,1182.805615
22.6950,-185.8645327,176.5836043,1182.692772
22.7000,-185.6814819,176.569074,1182.575775
22.7050,-185.4914932,176.5518155,1182.454848
22.7100,-185.2948804,176.5322328,1182.330014
22.7150,-185.0924672,176.5116371,1182.201369
22.7200,-184.8849394,176.4901314,1182.0692
22.7250,-184.6721811,176.4684329,1181.933355
22.7300,-184.4539138,176.4467967,1181.793812
22.7350,-184.2294796,176.4250792,1181.650427
22.7400,-183.9984543,176.4038166,1181.50322
22.7450,-183.7619101,176.3830861,1181.352773
22.7500,-183.5200778,176.3622928,1181.199474
22.7550,-183.2735087,176.3414118,1181.043717
22.7600,-183.0230733,176.3207733,1180.885912
22.7650,-182.7691841,176.2993562,1180.726617
22.7700,-182.5107617,176.27731,1180.565582
22.7750,-182.2474553,176.2544997,1180.402718
22.7800,-181.9805448,176.2309082,1180.238584
22.7850,-181.7094046,176.205997,1180.073067
22.7900,-181.4357919,176.1792213,1179.906963
22.7950,-181.160931,176.1517207,1179.740561
22.8000,-180.885313,176.1225853,1179.574204
22.8050,-180.6119072,176.0913399,1179.409153
22.8100,-180.3411262,176.0579788,1179.245423
22.8150,-180.0728538,176.0222608,1179.082928
22.8200,-179.8078881,175.9831193,1178.922161
22.8250,-179.5458168,175.9411333,1178.762857
22.8300,-179.2862739,175.8968859,1178.604735
22.8350,-179.0291432,175.8495719,1178.447806
22.8400,-178.7737527,175.7996668,1178.291689
22.8450,-178.5201708,175.7475121,1178.136272
22.8500,-178.2669218,175.6943335,1177.98084
22.8550,-178.014239,175.6406769,1177.825258
22.8600,-177.7596986,175.5863091,1177.668643
22.8650,-177.5038144,175.5318047,1177.511263
22.8700,-177.2436051,175.4776296,1177.35184
22.8750,-176.9799842,175.4236589,1177.190793
22.8800,-176.7115543,175.3700826,1177.027564
22.8850,-176.437953,175.3164471,1176.862086
22.8900,-176.1600142,175.26367,1176.694559
22.8950,-175.8747711,175.2118484,1176.523939
22.9000,-175.583606,175.1606528,1176.35089
22.9050,-175.2862502,175.1111981,1176.175121
22.9100,-174.9817284,175.0640024,1175.996168
22.9150,-174.6701362,175.0199721,1175.814032
22.9200,-174.3502349,174.979832,1175.628082
22.9250,-174.0229076,174.9460974,1175.438289
22.9300,-173.6880539,174.9178433,1175.24468
22.9350,-173.3465935,174.8964036,1175.047475
22.9400,-173.0000456,174.8828674,1174.84713
22.9450,-172.6475995,174.8772048,1174.643406
22.9500,-172.2908154,174.8785858,1174.43703
22.9550,-171.9283335,174.8884516,1174.227443
22.9600,-171.5605364,174.9048444,1174.015234
22.9650,-171.1866029,174.9282582,1173.800135
22.9700,-170.8074665,174.9586141,1173.582521
22.9750,-170.422134,174.9959345,1173.362138
22.9800,-170.0321579,175.0389624,1173.139719
22.9850,-169.63725,175.0879233,1172.915032
22.9900,-169.2372499,175.141541,1172.688205
22.9950,-168.8327066,175.1993564,1172.459564
23.0000,-168.424492,175.2628379,1172.229269
23.0050,-168.0129019,175.3309388,1171.997636
23.0100,-167.5999038,175.4036899,1171.765407
23.0150,-167.1862897,175.4801002,1171.533036
23.0200,-166.7727266,175.5602851,1171.300716
23.0250,-166.3607867,175.6435325,1171.069188
23.0300,-165.9502857,175.7305553,1170.838265
23.0350,-165.5426643,175.8201022,1170.608589
23.0400,-165.138627,175.9125805,1170.380259
23.0450,-164.736831,176.0079991,1170.152803
23.0500,-164.3376544,176.1063257,1169.926247
23.0550,-163.9405157,176.2074684,1169.70043
23.0600,-163.5446596,176.3118635,1169.475088
23.0650,-163.1511093,176.4198027,1169.250425
23.0700,-162.7605067,176.5303902,1169.0268
23.0750,-162.3736293,176.6436778,1168.804458
23.0800,-161.9893034,176.7592888,1168.583165
23.0850,-161.6083887,176.8766587,1168.363339
23.0900,-161.2296074,176.9956546,1168.144717
23.0950,-160.8536327,177.1143705,1167.927824
23.1000,-160.4789033,177.2316662,1167.712395
23.1050,-160.1036261,177.3467233,1167.498107
23.1100,-159.7278293,177.4582155,1167.285299
23.1150,-159.3502143,177.5660439,1167.073652
23.1200,-158.9705951,177.6698383,1166.863134
23.1250,-158.5886603,177.7689326,1166.653759
23.1300,-158.2038283,177.8639325,1166.445168
23.1350,-157.8161103,177.9556649,1166.237366
23.1400,-157.4265697,178.0445417,1166.030509
23.1450,-157.0347447,178.1302076,1165.824593
23.1500,-156.6423681,178.2117194,1165.620066
23.1550,-156.2487478,178.2908621,1165.416486
23.1600,-155.8548686,178.3680865,1165.214172
23.1650,-155.4603901,178.4437723,1165.012828
23.1700,-155.0653874,178.5178042,1164.812562
23.1750,-154.6681787,178.5909024,1164.612778
23.1800,-154.2683198,178.6637718,1164.413243
23.1850,-153.8642703,178.7363809,1164.213553
23.1900,-153.4552318,178.8089322,1164.013489
23.1950,-153.0421151,178.8823953,1163.8131
23.2000,-152.6244741,178.9582004,1163.612082
23.2050,-152.2020853,179.0367046,1163.410381
23.2100,-151.7747341,179.1184944,1163.207884
23.2150,-151.3428994,179.2046238,1163.004621
23.2200,-150.9080498,179.296104,1162.801022
23.2250,-150.4706146,179.3918536,1162.597396
23.2300,-150.030801,179.4923896,1162.393843
23.2350,-149.5879382,179.5971539,1162.190415
23.2400,-149.1432202,179.7054089,1161.987488
23.2450,-148.696574,179.8169925,1161.785166
23.2500,-148.2470092,179.9324802,1161.583166
23.2550,-147.7967369,180.0519466,1161.382018
23.2600,-147.3456163,180.1762652,1161.181537
23.2650,-146.8959414,180.3060059,1160.982086
23.2700,-146.4491341,180.4419458,1160.783886
23.2750,-146.0077401,180.5840385,1160.587387
23.2800,-145.573325,180.7329539,1160.392904
23.2850,-145.1486225,180.8876368,1160.201235
23.2900,-144.7363438,181.048794,1160.012795
23.2950,-144.3385504,181.2164625,1159.828046
23.3000,-143.9576127,181.3889549,1159.64765
23.3050,-143.5942195,181.5661059,1159.471769
23.3100,-143.2488534,181.7460985,1159.300699
23.3150,-142.9226668,181.9290762,1159.134563
23.3200,-142.6172889,182.1136613,1158.973797
23.3250,-142.3327573,182.2998027,1158.818284
23.3300,-142.0701903,182.4874355,1158.668187
23.3350,-141.8302453,182.6773702,1158.523532
23.3400,-141.6131683,182.8696534,1158.384236
23.3450,-141.4198824,183.0626873,1158.250701
23.3500,-141.2501575,183.2567746,1158.12281
23.3550,-141.1046456,183.452115,1158.000504
23.3600,-140.9831111,183.6481053,1157.883858
23.3650,-140.8841232,183.8443175,1157.772719
23.3700,-140.8066069,184.0411632,1157.66684
23.3750,-140.7494987,184.2383169,1157.566022
23.3800,-140.7116897,184.4343337,1157.470176
23.3850,-140.6914207,184.6299624,1157.378845
23.3900,-140.6872689,184.8246962,1157.291659
23.3950,-140.6966281,185.0183804,1157.208103
23.4000,-140.7192709,185.2126757,1157.127901
23.4050,-140.7534038,185.4081592,1157.050515
23.4100,-140.7991639,185.6056323,1156.975763
23.4150,-140.854719,185.8044328,1156.903318
23.4200,-140.9189792,186.0056984,1156.832759
23.4250,-140.9910711,186.2091897,1156.763996
23.4300,-141.0705326,186.4142397,1156.697035
23.4350,-141.1560726,186.6205159,1156.631607
23.4400,-141.2460177,186.8272024,1156.56762
23.4450,-141.3401687,187.0345326,1156.504894
23.4500,-141.4360973,187.2425567,1156.443034
23.4550,-141.5332234,187.4506728,1156.382061
23.4600,-141.6307248,187.6577478,1156.321768
23.4650,-141.7279818,187.8646274,1156.262025
23.4700,-141.8242194,188.0705655,1156.202665
23.4750,-141.9195025,188.276773,1156.143614
23.4800,-142.013737,188.4820951,1156.084936
23.4850,-142.1089586,188.6880894,1156.026854
23.4900,-142.2043201,188.894207,1155.96916
23.4950,-142.3009917,189.1001092,1155.912172
23.5000,-142.3998344,189.3062896,1155.85594
23.5050,-142.500746,189.5117195,1155.800597
23.5100,-142.6052455,189.7163287,1155.74645
23.5150,-142.7138702,189.9203885,1155.693522
23.5200,-142.8280381,190.1227332,1155.642115
23.5250,-142.9472306,190.3227379,1155.592276
23.5300,-143.0723539,190.5215673,1155.543984
23.5350,-143.2041187,190.71869,1155.49743
23.5400,-143.3427296,190.9139101,1155.452606
23.5450,-143.4890513,191.1076287,1155.409693
23.5500,-143.6438318,191.2990368,1155.368848
23.5550,-143.807207,191.4877217,1155.330141
23.5600,-143.9794401,191.6727209,1155.293621
23.5650,-144.1611862,191.8542907,1155.259395
23.5700,-144.3527114,192.0314668,1155.227656
23.5750,-144.5532743,192.2046249,1155.198159
23.5800,-144.7635279,192.373604,1155.171095
23.5850,-144.981834,192.5386129,1155.146021
23.5900,-145.2095442,192.6996155,1155.12327
23.5950,-145.4454401,192.8560354,1155.102512
23.6000,-145.6892875,193.0080597,1155.083653
23.6050,-145.9423356,193.1559318,1155.066798
23.6100,-146.2047846,193.3005522,1155.051953
23.6150,-146.4761764,193.4425508,1155.038985
23.6200,-146.7561685,193.581483,1155.027828
23.6250,-147.0455836,193.7182824,1155.018596
23.6300,-147.3443652,193.8516101,1155.011325
23.6350,-147.6521687,193.9827776,1155.005802
23.6400,-147.969141,194.1107921,1155.002084
23.6450,-148.2943789,194.2368268,1154.999975
23.6500,-148.627604,194.361809,1154.999264
23.6550,-148.967948,194.4843113,1155.000052
23.6600,-149.3131381,194.604403,1155.001758
23.6650,-149.6625655,194.7226586,1155.004139
23.6700,-150.0144447,194.8386461,1155.006906
23.6750,-150.3659173,194.9521992,1155.009545
23.6800,-150.7159789,195.0633341,1155.011814
23.6850,-151.0616704,195.1718681,1155.013065
23.6900,-151.4015002,195.2775221,1155.013078
23.6950,-151.7337461,195.3808508,1155.01155
23.7000,-152.0560854,195.481295,1155.007975
23.7050,-152.366645,195.5790891,1155.001966
23.7100,-152.6623445,195.6737834,1154.993006
23.7150,-152.9434622,195.765898,1154.981106
23.7200,-153.2084938,195.8545538,1154.966133
23.7250,-153.4559604,195.9402444,1154.947672
23.7300,-153.6845278,196.0234116,1154.925461
23.7350,-153.8942499,196.1036861,1154.89952
23.7400,-154.0846661,196.1819622,1154.869694
23.7450,-154.2547398,196.2577714,1154.835824
23.7500,-154.4056332,196.3317994,1154.798078
23.7550,-154.5369273,196.404114,1154.756368
23.7600,-154.6498682,196.4758322,1154.711016
23.7650,-154.743996,196.5457554,1154.661983
23.7700,-154.8205082,196.614628,1154.609547
23.7750,-154.880993,196.6820136,1154.554027
23.7800,-154.9258928,196.7488791,1154.495486
23.7850,-154.955249,196.8142728,1154.434005
23.7900,-154.9707972,196.8791896,1154.369879
23.7950,-154.9725505,196.9426164,1154.30325
23.8000,-154.9604019,197.0046822,1154.234001
23.8050,-154.9353669,197.0649893,1154.162422
23.8100,-154.8984661,197.1239977,1154.088705
23.8150,-154.8499487,197.1806996,1154.013064
23.8200,-154.7900083,197.2348655,1153.93557
23.8250,-154.720418,197.2880397,1153.856426
23.8300,-154.6416894,197.3389423,1153.775933
23.8350,-154.5547192,197.3872531,1153.69426
23.8400,-154.4609801,197.4332095,1153.611855
23.8450,-154.3609354,197.476848,1153.52866
23.8500,-154.2557447,197.5179632,1153.445018
23.8550,-154.1457918,197.5572587,1153.360889
23.8600,-154.0320497,197.5952147,1153.276457
23.8650,-153.9148821,197.6305867,1153.191989
23.8700,-153.7950975,197.6645394,1153.107483
23.8750,-153.6737175,197.6959033,1153.023356
23.8800,-153.5510722,197.7245244,1152.9396
23.8850,-153.4289376,197.7508776,1152.85653
23.8900,-153.3067224,197.7745742,1152.774016
23.8950,-153.1865325,197.7964724,1152.692464
23.9000,-153.0690261,197.8170177,1152.61188
23.9050,-152.9543823,197.8362181,1152.532393
23.9100,-152.8433978,197.8545854,1152.45393
23.9150,-152.737198,197.8703089,1152.376727
23.9200,-152.6368693,197.8856959,1152.300834
23.9250,-152.5436178,197.898984,1152.22654
23.9300,-152.4577247,197.9112686,1152.153808
23.9350,-152.3798637,197.9209709,1152.082746
23.9400,-152.3102459,197.9293628,1152.013407
23.9450,-152.2500552,197.9357039,1151.945891
23.9500,-152.1993753,197.9394735,1151.880276
23.9550,-152.1584926,197.9413242,1151.816498
23.9600,-152.1284523,197.9415733,1151.754768
23.9650,-152.1096064,197.9393142,1151.695276
23.9700,-152.1017188,197.935515,1151.637733
23.9750,-152.1056271,197.9293749,1151.582371
23.9800,-152.1201551,197.9218236,1151.528838
23.9850,-152.1463587,197.9118831,1151.477357
23.9900,-152.1836644,197.8997878,1151.427791
23.9950,-152.231349,197.8848251,1151.379941
24.0000,-152.2892323,197.8678376,1151.333752
24.0050,-152.3574212,197.8478402,1151.289311
24.0100,-152.4353015,197.8251594,1151.246422
24.0150,-152.5223755,197.8003752,1151.205034
24.0200,-152.6169265,197.7728974,1151.164792
24.0250,-152.7196818,197.7428261,1151.125884
24.0300,-152.830501,197.7100981,1151.088309
24.0350,-152.9489094,197.6740076,1151.052124
24.0400,-153.0745186,197.6333711,1151.017314
24.0450,-154.7266702,196.9605462,1151.215184
24.0500,-154.4394354,197.0105733,1151.139267
24.0550,-154.1541179,197.0587102,1151.065291
24.0600,-153.8707823,197.1053957,1150.993314
24.0650,-153.5902016,197.1503198,1150.92361
24.0700,-153.3119018,197.1939759,1150.855997
24.0750,-153.0368013,197.2363268,1150.790667
24.0800,-152.7645562,197.2770362,1150.727491
24.0850,-154.4408185,197.144762,1150.755749
24.0900,-154.6087107,197.0793697,1150.731938
24.0950,-154.7768335,197.0123039,1150.708873
24.1000,-154.944814,196.9432127,1150.686733
24.1050,-155.1118367,196.8729662,1150.665453
24.1100,-155.2772095,196.8014721,1150.644954
24.1150,-155.440288,196.7278853,1150.625328
24.1200,-155.6003358,196.6535249,1150.606441
24.1250,-155.7559822,196.5768694,1150.588273
24.1300,-155.9069845,196.4982682,1150.570828
24.1350,-156.0525131,196.418491,1150.553982
24.1400,-156.1902933,196.3373103,1150.537271
24.1450,-156.3211103,196.2551094,1150.521023
24.1500,-156.4450522,196.1723835,1150.505273
24.1550,-156.5620542,196.0891735,1150.49011
24.1600,-156.6718813,196.0052837,1150.475621
24.1650,-156.7749135,195.9211785,1150.461861
24.1700,-156.8707247,195.8371271,1150.448759
24.1750,-156.9598377,195.7537483,1150.43646
24.1800,-157.0432869,195.6722075,1150.425028
24.1850,-157.1208754,195.5923007,1150.414583
24.1900,-157.1936424,195.5157988,1150.405146
24.1950,-157.261493,195.4419669,1150.396806
24.2000,-157.3247476,195.3716206,1150.389574
24.2050,-157.3847826,195.305546,1150.383562
24.2100,-157.4422226,195.2439891,1150.378786
24.2150,-157.4979172,195.18869,1150.375356
24.2200,-157.5522202,195.1379896,1150.373244
24.2250,-157.6043461,195.0941114,1150.372093
24.2300,-157.6560309,195.0566672,1150.372201
24.2350,-157.7069267,195.0261804,1150.373402
24.2400,-157.7575397,195.0027074,1150.375622
24.2450,-157.8083198,194.9871729,1150.378839
24.2500,-157.8594907,194.9782448,1150.383061
24.2550,-157.9110726,194.9766641,1150.388133
24.2600,-157.9637977,194.9821405,1150.394124
24.2650,-158.0170227,194.9951768,1150.400722
24.2700,-158.0714363,195.0154748,1150.407999
24.2750,-158.1281518,195.0434945,1150.41602
24.2800,-158.1877808,195.0780945,1150.424913
24.2850,-158.2501091,195.1201205,1150.434557
24.2900,-158.3153569,195.1697935,1150.444869
24.2950,-158.3845483,195.2264407,1150.456077
24.3000,-158.4565239,195.2889593,1150.46787
24.3050,-158.5320161,195.3572047,1150.480408
24.3100,-158.6105083,195.4303326,1150.493552
24.3150,-158.6915574,195.5067997,1150.507225
24.3200,-158.7761937,195.5871377,1150.521586
24.3250,-158.8632447,195.6704268,1150.536437
24.3300,-158.9532985,195.7558658,1150.551841
24.3350,-159.0448111,195.8437892,1150.567379
24.3400,-159.1372085,195.9343194,1150.582885
24.3450,-159.2303684,196.0259716,1150.59841
24.3500,-159.3240229,196.1179263,1150.613893
24.3550,-159.4185566,196.2099811,1150.629457
24.3600,-159.5115458,196.3007121,1150.644474
24.3650,-159.6027902,196.3900392,1150.658896
24.3700,-159.6924289,196.4775189,1150.672799
24.3750,-159.7795498,196.5613477,1150.685984
24.3800,-159.8643693,196.6419276,1150.698528
24.3850,-159.9459753,196.7194025,1150.710247
24.3900,-160.0239397,196.7924495,1150.72109
24.3950,-160.0990576,196.8613919,1150.731201
24.4000,-160.1714862,196.9254749,1150.740757
24.4050,-160.2414261,196.9850425,1150.749705
24.4100,-160.3085641,197.0389667,1150.758168
24.4150,-160.3734177,197.0883236,1150.766117
24.4200,-160.4347464,197.1324682,1150.77341
24.4250,-160.4934619,197.17098,1150.780225
24.4300,-160.5503971,197.2038261,1150.786875
24.4350,-160.6047753,197.2308795,1150.793176
24.4400,-160.6587632,197.2529613,1150.799672
24.4450,-160.7108242,197.2684285,1150.806178
24.4500,-160.7595547,197.2789036,1150.812282
24.4550,-160.8063457,197.282805,1150.818422
24.4600,-160.8512634,197.2817517,1150.824575
24.4650,-160.8943893,197.2760226,1150.830686
24.4700,-160.9354642,197.2650112,1150.836754
24.4750,-160.9745222,197.2490353,1150.842728
24.4800,-161.0112886,197.2286487,1150.848534
24.4850,-161.0456734,197.2042719,1150.854106
24.4900,-161.0778417,197.1755431,1150.859496
24.4950,-161.1078309,197.1427247,1150.864664
24.5000,-161.1358901,197.1070907,1150.869508
24.5050,-161.1621125,197.0681249,1150.874163
24.5100,-161.185685,197.0257536,1150.878494
24.5150,-161.2075907,196.9803734,1150.88261
24.5200,-161.2281586,196.9332529,1150.886656
24.5250,-161.2478157,196.883542,1150.890753
24.5300,-161.2656294,196.8329135,1150.894583
24.5350,-161.2822729,196.7814613,1150.898356
24.5400,-161.2984008,196.7281311,1150.902304
24.5450,-161.3134603,196.6735453,1150.906283
24.5500,-161.3277076,196.6190068,1150.910287
24.5550,-161.3416185,196.5639391,1150.914402
24.5600,-161.3553249,196.5086969,1150.918672
24.5650,-161.3683251,196.4537361,1150.92293
24.5700,-161.3817236,196.3984094,1150.927569
24.5750,-161.3938997,196.3429361,1150.932209
24.5800,-161.4053778,196.2889108,1150.936853
24.5850,-161.416183,196.2351174,1150.941581
24.5900,-161.4265791,196.181614,1150.946364
24.5950,-161.4361324,196.128957,1150.951147
24.6000,-161.4461591,196.0778373,1150.956174
24.6050,-161.4556675,196.0277158,1150.961239
24.6100,-161.4658872,195.9793553,1150.966562
24.6150,-161.4763223,195.933961,1150.971957
24.6200,-161.4871833,195.8902639,1150.97755
24.6250,-161.4987856,195.8492842,1150.983272
24.6300,-161.5102455,195.810681,1150.988988
24.6350,-161.5225939,195.7747825,1150.994915
24.6400,-161.5356648,195.7410474,1151.001
24.6450,-161.5494477,195.7088023,1151.007198
24.6500,-161.5638675,195.6787349,1151.013491
24.6550,-161.5779158,195.6507621,1151.019573
24.6600,-161.5935055,195.6244042,1151.026002
24.6650,-161.6105411,195.5995405,1151.03275
24.6700,-161.6281069,195.5750017,1151.039628
24.6750,-161.6455062,195.5521557,1151.046408
24.6800,-161.664066,195.5295089,1151.053538
24.6850,-161.683042,195.5076112,1151.060688
24.6900,-161.7030204,195.4870217,1151.068013
24.6950,-161.7232322,195.4674987,1151.075375
24.7000,-161.7432916,195.4491898,1151.082589
24.7050,-161.7632621,195.4311753,1151.089701
24.7100,-161.7836142,195.4132298,1151.096883
24.7150,-161.8036375,195.3957019,1151.103875
24.7200,-161.8249513,195.3789608,1151.111003
24.7250,-161.8466108,195.3625737,1151.118136
24.7300,-161.8680377,195.3464824,1151.125029
24.7350,-161.8901265,195.3315149,1151.131943
24.7400,-161.9116555,195.3156172,1151.138681
24.7450,-161.9332462,195.299332,1151.145341
24.7500,-161.9557309,195.2823495,1151.152123
24.7550,-161.9778716,195.264417,1151.158771
24.7600,-162.000005,195.2454794,1151.165333
24.7650,-162.0211345,195.2252513,1151.17165
24.7700,-162.0426908,195.2047123,1151.177996
24.7750,-162.0636829,195.1838915,1151.184139
24.7800,-162.084633,195.1617457,1151.190276
24.7850,-162.1055563,195.1386778,1151.196361
24.7900,-162.1256696,195.1148782,1151.202292
24.7950,-162.1452536,195.0918439,1151.207924
24.8000,-162.1647157,195.0676322,1151.21358
24.8050,-162.1835058,195.0433443,1151.218966
24.8100,-162.2028119,195.0188248,1151.224429
24.8150,-162.2211386,194.9943648,1151.229589
24.8200,-162.2385244,194.9701334,1151.234406
24.8250,-162.2549945,194.9463088,1151.238844
24.8300,-162.2709209,194.9215544,1151.243105
24.8350,-162.2861181,194.8963079,1151.247071
24.8400,-162.2999946,194.8722122,1151.250518
24.8450,-162.3128708,194.8483628,1151.253546
24.8500,-162.3252424,194.8237925,1151.256399
24.8550,-162.3364029,194.7993052,1151.258851
24.8600,-162.3460812,194.7754787,1151.260837
24.8650,-162.3546021,194.7515922,1151.262484
24.8700,-162.3616719,194.7275617,1151.263723
24.8750,-162.3683139,194.704494,1151.264675
24.8800,-162.3740136,194.6809253,1151.265433
24.8850,-162.3793258,194.6587866,1151.265929
24.8900,-162.3840663,194.636426,1151.266337
24.8950,-162.388259,194.6151539,1151.266474
24.9000,-162.3918994,194.5940757,1151.266461
24.9050,-162.394869,194.5738389,1151.266153
24.9100,-162.3976431,194.5541798,1151.265666
24.9150,-162.4003193,194.5346425,1151.265056
24.9200,-162.4025788,194.516265,1151.264206
24.9250,-162.4048373,194.4980073,1151.263293
24.9300,-162.4072775,194.4801973,1151.262328
24.9350,-162.409185,194.4628674,1151.261123
24.9400,-162.4099419,194.4464484,1151.259529
24.9450,-162.4108494,194.4307315,1151.257902
24.9500,-162.41041,194.4154238,1151.255908
24.9550,-162.4097766,194.4006038,1151.253837
24.9600,-162.407433,194.3861815,1151.25128
24.9650,-162.4036585,194.372308,1151.248292
24.9700,-162.3989736,194.3593922,1151.244966
24.9750,-162.3931924,194.3463844,1151.241296
24.9800,-162.3852991,194.3340482,1151.237045
24.9850,-162.3759019,194.3211457,1151.232425
24.9900,-162.3652491,194.3081912,1151.227495
24.9950,-162.352999,194.2950105,1151.222163
25.0000,-162.3398172,194.2811815,1151.216612
25.0050,-162.3248042,194.2671589,1151.210672
25.0100,-162.309711,194.2532721,1151.204664
25.0150,-162.2941717,194.2389468,1151.198698
25.0200,-162.2784674,194.2246129,1151.192752
25.0250,-162.2630774,194.2104111,1151.186836
25.0300,-162.2481914,194.1956504,1151.18117
25.0350,-162.2344373,194.1797881,1151.175844
25.0400,-162.2215916,194.1635988,1151.170814
25.0450,-162.2105232,194.1474534,1151.166219
25.0500,-162.2005135,194.1312329,1151.161895
25.0550,-162.1921582,194.1150189,1151.158105
25.0600,-162.1856042,194.0986015,1151.154813
25.0650,-162.1807428,194.0825624,1151.151979
25.0700,-162.1771533,194.0660321,1151.149649
25.0750,-162.1751672,194.0494613,1151.147876
25.0800,-162.173691,194.0325074,1151.146492
25.0850,-162.1731597,194.0156526,1151.145565
25.0900,-162.1739047,193.9981384,1151.145168
25.0950,-162.1755962,193.9800499,1151.145262
25.1000,-162.1786067,193.9623828,1151.145896
25.1050,-162.1831987,193.944172,1151.147167
25.1100,-162.1888199,193.9261204,1151.148936
25.1150,-162.1960123,193.9076833,1151.151362
25.1200,-162.2053525,193.8886926,1151.154603
25.1250,-162.2169478,193.8695447,1151.158635
25.1300,-162.2311452,193.8504461,1151.163572
25.1350,-162.2485724,193.8311726,1151.169534
25.1400,-162.269397,193.8110104,1151.176659
25.1450,-162.2936504,193.7915928,1151.184826
25.1500,-162.3217739,193.7729465,1151.194099
25.1550,-162.3535338,193.7555759,1151.204467
25.1600,-162.3894371,193.7389221,1151.215969
25.1650,-162.4293643,193.7235821,1151.2286
25.1700,-162.4726444,193.7097789,1151.24212
25.1750,-162.51847,193.6972525,1151.256412
25.1800,-162.5664825,193.686264,1151.271241
25.1850,-162.6161287,193.6762457,1151.286627
25.1900,-162.6663356,193.6684007,1151.30209
25.1950,-162.7161701,193.6615662,1151.317576
25.2000,-162.7650025,193.6561761,1151.332802
25.2050,-162.8126944,193.6527486,1151.347695
25.2100,-162.8575925,193.6501787,1151.361961
25.2150,-162.8994284,193.6481379,1151.375517
25.2200,-162.9374946,193.646983,1151.388119
25.2250,-162.9706729,193.6461265,1151.399435
25.2300,-162.9980773,193.6454202,1151.409234
25.2350,-163.0195834,193.6440907,1151.417558
25.2400,-163.0354492,193.6418088,1151.424344
25.2450,-163.0440698,193.6378675,1151.429265
25.2500,-163.0469686,193.6323202,1151.432635
25.2550,-163.0425497,193.6241593,1151.43408
25.2600,-163.0314817,193.6135914,1151.433711
25.2650,-163.0133189,193.5988896,1151.43156
25.2700,-162.989031,193.5802458,1151.427837
25.2750,-162.9583287,193.5579337,1151.422387
25.2800,-162.9219296,193.5314909,1151.415359
25.2850,-162.87969,193.5006084,1151.406755
25.2900,-162.8317625,193.4653348,1151.396535
25.2950,-162.7793894,193.4256553,1151.384974
25.3000,-162.7226966,193.381946,1151.372135
25.3050,-162.6625103,193.3338018,1151.358175
25.3100,-162.5976628,193.2820689,1151.342751
25.3150,-162.5296794,193.2259004,1151.326234
25.3200,-162.4583838,193.1647326,1151.308734
25.3250,-162.3845283,193.0997098,1151.290345
25.3300,-162.3072441,193.031221,1151.270747
25.3350,-162.2265527,192.9584167,1151.25013
25.3400,-162.1432028,192.8821747,1151.22854
25.3450,-162.0566868,192.8020332,1151.205991
25.3500,-161.9680035,192.718028,1151.182754
25.3550,-161.8764272,192.6309918,1151.158546
25.3600,-161.7815478,192.5408811,1151.133377
25.3650,-161.6834351,192.4477202,1151.107301
25.3700,-161.5821632,192.3521282,1151.080276
25.3750,-161.4769784,192.2540708,1151.052228
25.3800,-161.3689127,192.1539219,1151.023321
25.3850,-161.2576705,192.052488,1150.993527
25.3900,-161.1433477,191.949025,1150.962962
25.3950,-161.0261436,191.8437468,1150.931756
25.4000,-160.9054216,191.7365788,1150.8998
25.4050,-160.7809719,191.6282236,1150.86706
25.4100,-160.6535908,191.51852,1150.833681
25.4150,-160.523806,191.4086278,1150.799786
25.4200,-160.3907282,191.2979812,1150.765234
25.4250,-160.2539128,191.1871162,1150.729852
25.4300,-160.1149131,191.0763072,1150.694098
25.4350,-159.9732022,190.9650294,1150.65785
25.4400,-159.8287091,190.854432,1150.621039
25.4450,-159.6827204,190.743603,1150.584109
25.4500,-159.5344507,190.6326896,1150.546867
25.4550,-159.3847435,190.5223332,1150.509452
25.4600,-159.233542,190.4121354,1150.471964
25.4650,-159.0809419,190.3017917,1150.434413
25.4700,-158.9278716,190.1920166,1150.396969
25.4750,-158.7749774,190.0826466,1150.359821
25.4800,-158.6223705,189.9739971,1150.322922
25.4850,-158.4707555,189.8654227,1150.286464
25.4900,-158.3205267,189.7575214,1150.250613
25.4950,-158.1713343,189.6506269,1150.215119
25.5000,-158.0247471,189.5456509,1150.180389
25.5050,-157.8807264,189.4418587,1150.146443
25.5100,-157.739407,189.34066,1150.113187
25.5150,-157.601052,189.2422344,1150.080591
25.5200,-157.4659604,189.1458098,1150.048841
25.5250,-157.3341865,189.0520494,1150.017969
25.5300,-157.2057162,188.9603694,1149.987933
25.5350,-157.0796664,188.8712044,1149.958422
25.5400,-156.9562688,188.7841477,1149.929613
25.5450,-156.835493,188.6995018,1149.901392
25.5500,-156.7164187,188.6163195,1149.873517
25.5550,-156.5988838,188.5348031,1149.845935
25.5600,-156.482174,188.4541211,1149.818575
25.5650,-156.3656947,188.3745301,1149.791141
25.5700,-156.2485303,188.2948842,1149.763493
25.5750,-156.1312571,188.2155228,1149.735772
25.5800,-156.0126501,188.1359949,1149.707596
25.5850,-155.8928519,188.0566631,1149.679016
25.5900,-155.7705243,187.9759755,1149.649837
25.5950,-155.6460042,187.8934253,1149.620204
25.6000,-155.5189685,187.8091374,1149.589954
25.6050,-155.3894862,187.7227091,1149.559157
25.6100,-155.2567754,187.6333066,1149.527665
25.6150,-155.22509,187.6085949,1149.519953
25.6200,-155.1895342,187.5805834,1149.511305
25.6250,-155.150269,187.5494197,1149.501757
25.6300,-155.107531,187.5153432,1149.491364
25.6350,-155.0616081,187.4786688,1149.480192
